,query_gene,BiGG_gene,score
1,gene_1,STM_v1_0.STM0054,348
2,gene_2,STM_v1_0.STM0055,432
3,gene_3,STM_v1_0.STM0130,175
4,gene_4,STM_v1_0.STM0137,79
5,gene_5,STM_v1_0.STM0170,186
6,gene_6,STM_v1_0.STM0202,432
7,gene_7,STM_v1_0.STM0227,106
9,gene_9,STM_v1_0.STM0247,173
10,gene_10,STM_v1_0.STM0386,217
11,gene_11,STM_v1_0.STM0401,246
12,gene_12,STM_v1_0.STM0457,67
13,gene_13,STM_v1_0.STM0588,194
14,gene_14,STM_v1_0.STM0659,275
15,gene_15,STM_v1_0.STM0774,128
16,gene_16,STM_v1_0.STM0776,411
17,gene_17,STM_v1_0.STM0828,240
18,gene_18,STM_v1_0.STM0963,242
19,gene_19,STM_v1_0.STM0977,302
20,gene_20,STM_v1_0.STM0978,270
21,gene_21,STM_v1_0.STM0984,309
22,gene_22,STM_v1_0.STM1125,325
23,gene_23,STM_v1_0.STM1221,102
24,gene_24,STM_v1_0.STM1235,37
25,gene_25,STM_v1_0.STM1731,110
26,gene_26,STM_v1_0.STM1780,100
27,gene_27,STM_v1_0.STM1884,161
28,gene_28,STM_v1_0.STM1909,320
29,gene_29,STM_v1_0.STM1933,228
30,gene_30,STM_v1_0.STM2082,161
31,gene_31,STM_v1_0.STM2084,206
32,gene_32,STM_v1_0.STM2086,76
33,gene_33,STM_v1_0.STM2095,411
34,gene_34,STM_v1_0.STM2276,48
35,gene_35,STM_v1_0.STM2284,49
36,gene_36,STM_v1_0.STM2298,116
37,gene_37,STM_v1_0.STM2332,179
38,gene_38,STM_v1_0.STM2354,70
39,gene_39,STM_v1_0.STM2384,323
40,gene_40,STM_v1_0.STM2427,362
42,gene_42,STM_v1_0.STM2441,100
43,gene_43,STM_v1_0.STM2555,503
44,gene_44,STM_v1_0.STM2774,146
45,gene_45,STM_v1_0.STM2820,60
46,gene_46,STM_v1_0.STM2840,141
47,gene_47,STM_v1_0.STM2934,350
48,gene_48,STM_v1_0.STM2935,414
49,gene_49,STM_v1_0.STM2973,457
50,gene_50,STM_v1_0.STM2991,59
51,gene_51,STM_v1_0.STM3002,77
52,gene_52,STM_v1_0.STM3137,499
53,gene_53,STM_v1_0.STM3225,398
54,gene_54,STM_v1_0.STM3248,348
55,gene_55,STM_v1_0.STM3314,166
56,gene_56,STM_v1_0.STM3351,345
57,gene_57,STM_v1_0.STM3352,432
58,gene_58,STM_v1_0.STM3354,285
59,gene_59,STM_v1_0.STM3355,475
60,gene_60,STM_v1_0.STM3356,454
62,gene_62,STM_v1_0.STM3409,218
63,gene_63,STM_v1_0.STM3468,323
64,gene_64,STM_v1_0.STM3469,209
65,gene_65,STM_v1_0.STM3477,237
66,gene_66,STM_v1_0.STM3486,238
68,gene_68,STM_v1_0.STM3500,717
69,gene_69,STM_v1_0.STM3534,123
70,gene_70,STM_v1_0.STM3538,405
71,gene_71,STM_v1_0.STM3541,276
72,gene_72,STM_v1_0.STM3671,56
73,gene_73,STM_v1_0.STM3731,125
74,gene_74,STM_v1_0.STM3733,178
75,gene_75,STM_v1_0.STM3746,265
76,gene_76,STM_v1_0.STM3864,57
77,gene_77,STM_v1_0.STM3865,598
78,gene_78,STM_v1_0.STM3915,109
79,gene_79,STM_v1_0.STM3970,43
80,gene_80,STM_v1_0.STM4046,440
81,gene_81,STM_v1_0.STM4063,320
82,gene_82,STM_v1_0.STM4086,626
83,gene_83,STM_v1_0.STM4166,116
84,gene_84,STM_v1_0.STM4221,292
85,gene_85,STM_v1_0.STM4358,58
86,gene_86,STM_v1_0.STM4366,295
87,gene_87,STM_v1_0.STM4451,112
88,gene_88,STM_v1_0.STM4452,401
89,gene_89,STM_v1_0.STM4465,404
90,gene_90,STM_v1_0.STM4469,375
91,gene_91,STM_v1_0.STM4483,235
92,gene_92,STM_v1_0.STM4578,47
93,gene_93,STM_v1_0.STM4585,77
94,gene_95,iAF692.Mbar_A0086,255
95,gene_96,iAF692.Mbar_A0171,42
96,gene_97,iAF692.Mbar_A0218,555
97,gene_98,iAF692.Mbar_A0219,151
98,gene_99,iAF692.Mbar_A0227,276
99,gene_100,iAF692.Mbar_A0232,172
100,gene_101,iAF692.Mbar_A0244,152
101,gene_102,iAF692.Mbar_A0352,47
102,gene_103,iAF692.Mbar_A0403,286
103,gene_104,iAF692.Mbar_A0408,68
104,gene_105,iAF692.Mbar_A0541,243
105,gene_106,iAF692.Mbar_A0760,269
106,gene_107,iAF692.Mbar_A0784,324
107,gene_108,iAF692.Mbar_A0883,474
108,gene_109,iAF692.Mbar_A0923,174
109,gene_110,iAF692.Mbar_A0995,97
110,gene_111,iAF692.Mbar_A1121,48
111,gene_112,iAF692.Mbar_A1172,105
112,gene_113,iAF692.Mbar_A1195,393
113,gene_114,iAF692.Mbar_A1202,103
114,gene_115,iAF692.Mbar_A1219,78
115,gene_116,iAF692.Mbar_A1238,72
116,gene_117,iAF692.Mbar_A1338,150
117,gene_118,iAF692.Mbar_A1414,42
118,gene_119,iAF692.Mbar_A1438,358
119,gene_120,iAF692.Mbar_A1466,51
120,gene_121,iAF692.Mbar_A1586,478
121,gene_122,iAF692.Mbar_A1588,212
122,gene_123,iAF692.Mbar_A1776,44
123,gene_124,iAF692.Mbar_A1781,355
124,gene_125,iAF692.Mbar_A1823,85
125,gene_126,iAF692.Mbar_A1961,388
126,gene_127,iAF692.Mbar_A2020,62
127,gene_128,iAF692.Mbar_A2023,51
128,gene_129,iAF692.Mbar_A2069,362
129,gene_130,iAF692.Mbar_A2167,379
130,gene_131,iAF692.Mbar_A2173,42
131,gene_132,iAF692.Mbar_A2179,143
132,gene_133,iAF692.Mbar_A2221,86
133,gene_134,iAF692.Mbar_A2261,171
134,gene_135,iAF692.Mbar_A2263,83
135,gene_136,iAF692.Mbar_A2270,139
136,gene_137,iAF692.Mbar_A2316,466
137,gene_138,iAF692.Mbar_A2376,118
138,gene_139,iAF692.Mbar_A2393,157
139,gene_140,iAF692.Mbar_A2394,112
140,gene_141,iAF692.Mbar_A2422,347
141,gene_142,iAF692.Mbar_A2517,242
142,gene_143,iAF692.Mbar_A2626,61
143,gene_144,iAF692.Mbar_A2726,45
144,gene_145,iAF692.Mbar_A2905,48
145,gene_146,iAF692.Mbar_A3039,57
146,gene_147,iAF692.Mbar_A3045,423
147,gene_148,iAF692.Mbar_A3182,74
148,gene_149,iAF692.Mbar_A3183,124
149,gene_150,iAF692.Mbar_A3353,155
150,gene_151,iAF692.Mbar_A3423,201
151,gene_152,iAF692.Mbar_A3429,330
152,gene_153,iAF692.Mbar_A3463,435
153,gene_154,iAF692.Mbar_A3476,181
154,gene_155,iAF692.Mbar_A3721,145
155,gene_156,iAF987.Gmet_0018,112
156,gene_157,iAF987.Gmet_0043,99
157,gene_158,iAF987.Gmet_0058,619
158,gene_159,iAF987.Gmet_0067,224
159,gene_160,iAF987.Gmet_0069,94
160,gene_161,iAF987.Gmet_0073,476
161,gene_162,iAF987.Gmet_0075,509
162,gene_163,iAF987.Gmet_0076,79
164,gene_165,iAF987.Gmet_0120,196
165,gene_166,iAF987.Gmet_0189,359
166,gene_167,iAF987.Gmet_0204,315
167,gene_168,iAF987.Gmet_0209,495
168,gene_169,iAF987.Gmet_0383,191
169,gene_170,iAF987.Gmet_0384,426
170,gene_171,iAF987.Gmet_0386,219
171,gene_172,iAF987.Gmet_0387,198
172,gene_173,iAF987.Gmet_0388,218
173,gene_174,iAF987.Gmet_0389,318
174,gene_175,iAF987.Gmet_0406,283
175,gene_176,iAF987.Gmet_0415,189
176,gene_177,iAF987.Gmet_0492,79
177,gene_178,iAF987.Gmet_0497,275
178,gene_179,iAF987.Gmet_0504,303
179,gene_180,iAF987.Gmet_0608,310
180,gene_181,iAF987.Gmet_0673,40
181,gene_182,iAF987.Gmet_0700,306
182,gene_183,iAF987.Gmet_0782,300
183,gene_184,iAF987.Gmet_0816,52
184,gene_185,iAF987.Gmet_0819,447
185,gene_186,iAF987.Gmet_0822,73
187,gene_188,iAF987.Gmet_0863,157
188,gene_189,iAF987.Gmet_0865,158
189,gene_190,iAF987.Gmet_0885,113
190,gene_191,iAF987.Gmet_0886,178
191,gene_192,iAF987.Gmet_0902,456
192,gene_193,iAF987.Gmet_0903,336
193,gene_194,iAF987.Gmet_0916,300
194,gene_195,iAF987.Gmet_0928,152
195,gene_196,iAF987.Gmet_0940,799
196,gene_197,iAF987.Gmet_0941,187
197,gene_198,iAF987.Gmet_0957,303
198,gene_199,iAF987.Gmet_0977,114
199,gene_200,iAF987.Gmet_0984,486
200,gene_201,iAF987.Gmet_0987,303
201,gene_202,iAF987.Gmet_0988,76
202,gene_203,iAF987.Gmet_1043,72
203,gene_204,iAF987.Gmet_1046,224
204,gene_205,iAF987.Gmet_1106,43
205,gene_206,iAF987.Gmet_1168,151
206,gene_207,iAF987.Gmet_1170,50
207,gene_208,iAF987.Gmet_1186,506
208,gene_209,iAF987.Gmet_1188,42
209,gene_210,iAF987.Gmet_1216,260
210,gene_211,iAF987.Gmet_1242,121
211,gene_212,iAF987.Gmet_1260,248
212,gene_213,iAF987.Gmet_1262,389
213,gene_214,iAF987.Gmet_1293,218
214,gene_215,iAF987.Gmet_1298,87
215,gene_216,iAF987.Gmet_1353,412
216,gene_217,iAF987.Gmet_1357,670
217,gene_218,iAF987.Gmet_1388,182
218,gene_219,iAF987.Gmet_1416,523
219,gene_220,iAF987.Gmet_1442,62
220,gene_221,iAF987.Gmet_1469,158
221,gene_222,iAF987.Gmet_1531,58
222,gene_223,iAF987.Gmet_1558,369
223,gene_224,iAF987.Gmet_1566,374
224,gene_225,iAF987.Gmet_1567,58
225,gene_226,iAF987.Gmet_1568,381
226,gene_227,iAF987.Gmet_1570,171
227,gene_228,iAF987.Gmet_1593,119
228,gene_229,iAF987.Gmet_1599,235
229,gene_230,iAF987.Gmet_1603,422
230,gene_231,iAF987.Gmet_1605,499
231,gene_232,iAF987.Gmet_1629,356
232,gene_233,iAF987.Gmet_1640,275
233,gene_234,iAF987.Gmet_1657,62
234,gene_235,iAF987.Gmet_1706,73
235,gene_236,iAF987.Gmet_1762,230
236,gene_237,iAF987.Gmet_1770,405
238,gene_239,iAF987.Gmet_1815,66
239,gene_240,iAF987.Gmet_1826,162
240,gene_241,iAF987.Gmet_1827,577
241,gene_242,iAF987.Gmet_1841,315
242,gene_243,iAF987.Gmet_1844,338
243,gene_244,iAF987.Gmet_1875,163
244,gene_245,iAF987.Gmet_1888,165
245,gene_246,iAF987.Gmet_1899,137
246,gene_247,iAF987.Gmet_1903,278
247,gene_248,iAF987.Gmet_1904,289
248,gene_249,iAF987.Gmet_1905,273
249,gene_250,iAF987.Gmet_1906,326
250,gene_251,iAF987.Gmet_1914,78
251,gene_252,iAF987.Gmet_1917,71
252,gene_253,iAF987.Gmet_1919,68
253,gene_254,iAF987.Gmet_1934,603
254,gene_255,iAF987.Gmet_1939,462
256,gene_257,iAF987.Gmet_1986,191
257,gene_258,iAF987.Gmet_1987,201
258,gene_259,iAF987.Gmet_1991,67
259,gene_260,iAF987.Gmet_2246,246
260,gene_261,iAF987.Gmet_2349,328
261,gene_262,iAF987.Gmet_2372,489
262,gene_263,iAF987.Gmet_2391,401
263,gene_264,iAF987.Gmet_2425,93
264,gene_265,iAF987.Gmet_2444,55
265,gene_266,iAF987.Gmet_2472,178
266,gene_267,iAF987.Gmet_2482,495
267,gene_268,iAF987.Gmet_2492,92
268,gene_269,iAF987.Gmet_2494,157
269,gene_270,iAF987.Gmet_2495,327
270,gene_271,iAF987.Gmet_2496,223
271,gene_272,iAF987.Gmet_2497,325
272,gene_273,iAF987.Gmet_2559,111
273,gene_274,iAF987.Gmet_2629,295
274,gene_275,iAF987.Gmet_2714,77
275,gene_276,iAF987.Gmet_2721,79
276,gene_277,iAF987.Gmet_2727,58
277,gene_278,iAF987.Gmet_2731,114
278,gene_279,iAF987.Gmet_2767,760
279,gene_280,iAF987.Gmet_2768,44
280,gene_281,iAF987.Gmet_2822,614
281,gene_282,iAF987.Gmet_2834,517
282,gene_283,iAF987.Gmet_2859,424
283,gene_284,iAF987.Gmet_2860,364
284,gene_285,iAF987.Gmet_2904,433
285,gene_286,iAF987.Gmet_2909,108
286,gene_287,iAF987.Gmet_2933,43
287,gene_288,iAF987.Gmet_2988,342
288,gene_289,iAF987.Gmet_2992,303
289,gene_290,iAF987.Gmet_2999,82
290,gene_291,iAF987.Gmet_3012,92
291,gene_292,iAF987.Gmet_3023,284
292,gene_293,iAF987.Gmet_3075,103
293,gene_294,iAF987.Gmet_3085,300
294,gene_295,iAF987.Gmet_3156,68
296,gene_297,iAF987.Gmet_3199,399
297,gene_298,iAF987.Gmet_3234,222
298,gene_299,iAF987.Gmet_3243,145
299,gene_300,iAF987.Gmet_3259,177
300,gene_301,iAF987.Gmet_3260,345
301,gene_302,iAF987.Gmet_3262,102
303,gene_304,iAF987.Gmet_3275,115
304,gene_305,iAF987.Gmet_3339,315
305,gene_306,iAF987.Gmet_3356,471
306,gene_307,iAF987.Gmet_3406,632
307,gene_308,iAF987.Gmet_3408,640
308,gene_309,iAF987.Gmet_3470,86
309,gene_310,iAF987.Gmet_3528,241
310,gene_311,iAF987.Gmet_3529,80
311,gene_312,iAM_Pb448.PBANKA_020410,41
312,gene_313,iAM_Pb448.PBANKA_083310,176
314,gene_315,iAM_Pb448.PBANKA_092370,47
315,gene_316,iAM_Pb448.PBANKA_102230,48
317,gene_318,iAM_Pb448.PBANKA_112620,88
318,gene_319,iAM_Pb448.PBANKA_113700,315
319,gene_320,iAM_Pb448.PBANKA_131810,259
320,gene_321,iAM_Pb448.PBANKA_145030,588
321,gene_322,iAM_Pb448.PBANKA_146280,108
322,gene_323,iAM_Pc455.PCYB_021480,43
323,gene_324,iAM_Pc455.PCYB_093060,48
325,gene_326,iAM_Pc455.PCYB_111980,216
326,gene_327,iAM_Pc455.PCYB_126090,255
327,gene_328,iAM_Pc455.PCYB_133630,46
328,gene_329,iAM_Pc455.PCYB_147430,106
329,gene_330,iAM_Pf480.PF3D7_0627500,80
331,gene_332,iAM_Pf480.PF3D7_1120100,63
332,gene_333,iAM_Pf480.PF3D7_1141600,90
333,gene_334,iAM_Pf480.PF3D7_1235700,589
334,gene_335,iAM_Pf480.PF3D7_1249900,101
335,gene_336,iAM_Pf480.PF3D7_1436000,285
336,gene_337,iAM_Pf480.PF3D7_1454400,257
337,gene_338,iAM_Pv461.PVX_081310,43
338,gene_339,iAM_Pv461.PVX_085435,48
340,gene_341,iAM_Pv461.PVX_097920,65
341,gene_342,iAM_Pv461.PVX_100735,590
342,gene_343,iAM_Pv461.PVX_101390,108
343,gene_344,iAM_Pv461.PVX_115000,214
344,gene_345,iAM_Pv461.PVX_117760,258
345,gene_346,iAT_PLT_636.11254,100
346,gene_347,iAT_PLT_636.23657,97
347,gene_348,iAT_PLT_636.2582,418
348,gene_349,iAT_PLT_636.2821,290
349,gene_350,iAT_PLT_636.29958,93
350,gene_351,iAT_PLT_636.3033,124
351,gene_352,iAT_PLT_636.4905,133
352,gene_353,iAT_PLT_636.506,629
353,gene_354,iAT_PLT_636.51166,48
354,gene_355,iAT_PLT_636.5834,767
355,gene_356,iAT_PLT_636.6532,129
356,gene_357,iAT_PLT_636.6535,96
357,gene_358,iAT_PLT_636.6539,130
358,gene_359,iCHOv1.100682535,219
359,gene_360,iCHOv1.100689420,88
360,gene_361,iCHOv1.100689468,288
361,gene_362,iCHOv1.100751194,99
362,gene_363,iCHOv1.100751291,80
363,gene_364,iCHOv1.100751791,177
364,gene_365,iCHOv1.100752172,69
365,gene_366,iCHOv1.100752285,70
366,gene_367,iCHOv1.100752445,133
367,gene_368,iCHOv1.100753544,137
368,gene_369,iCHOv1.100753688,313
369,gene_370,iCHOv1.100754659,73
370,gene_371,iCHOv1.100754706,136
371,gene_372,iCHOv1.100754792,211
372,gene_373,iCHOv1.100757350,768
373,gene_374,iCHOv1.100758864,100
374,gene_375,iCHOv1.100759306,419
375,gene_376,iCHOv1.100759503,92
376,gene_377,iCHOv1.100760370,104
377,gene_378,iCHOv1.100760661,42
378,gene_379,iCHOv1.100760751,314
379,gene_380,iCHOv1.100761226,121
380,gene_381,iCHOv1.100762480,222
381,gene_382,iCHOv1.100762871,107
382,gene_383,iCHOv1.100763022,38
383,gene_384,iCHOv1.100763024,629
384,gene_385,iCHOv1.100765478,131
386,gene_387,iCHOv1.100766856,261
387,gene_388,iCHOv1.100767455,75
388,gene_389,iCHOv1.100768154,252
389,gene_390,iCHOv1.100769186,723
390,gene_391,iCHOv1.100770695,50
391,gene_392,iCHOv1.100771350,241
392,gene_393,iCHOv1.100771752,52
393,gene_394,iCHOv1.100773599,54
394,gene_395,iCHOv1.103158535,443
395,gene_396,iCN718.ABAYE_RS01735,305
396,gene_397,iCN718.ABAYE_RS01765,216
397,gene_398,iCN718.ABAYE_RS02010,103
398,gene_399,iCN718.ABAYE_RS02015,251
399,gene_400,iCN718.ABAYE_RS02155,84
400,gene_401,iCN718.ABAYE_RS02280,315
401,gene_402,iCN718.ABAYE_RS03580,97
402,gene_403,iCN718.ABAYE_RS03665,193
403,gene_404,iCN718.ABAYE_RS04050,472
404,gene_405,iCN718.ABAYE_RS04295,39
405,gene_406,iCN718.ABAYE_RS04335,254
406,gene_407,iCN718.ABAYE_RS04340,241
407,gene_408,iCN718.ABAYE_RS04470,385
408,gene_409,iCN718.ABAYE_RS04825,99
409,gene_410,iCN718.ABAYE_RS04905,329
410,gene_411,iCN718.ABAYE_RS04960,325
411,gene_412,iCN718.ABAYE_RS05140,282
412,gene_413,iCN718.ABAYE_RS05145,280
413,gene_414,iCN718.ABAYE_RS05150,286
414,gene_415,iCN718.ABAYE_RS05160,312
415,gene_416,iCN718.ABAYE_RS05795,79
416,gene_417,iCN718.ABAYE_RS06030,157
417,gene_418,iCN718.ABAYE_RS06050,223
418,gene_419,iCN718.ABAYE_RS06300,494
419,gene_420,iCN718.ABAYE_RS06340,243
420,gene_421,iCN718.ABAYE_RS06975,268
421,gene_422,iCN718.ABAYE_RS07700,209
422,gene_423,iCN718.ABAYE_RS08590,299
423,gene_424,iCN718.ABAYE_RS10745,335
424,gene_425,iCN718.ABAYE_RS11400,350
425,gene_426,iCN718.ABAYE_RS12870,87
426,gene_427,iCN718.ABAYE_RS13055,85
427,gene_428,iCN718.ABAYE_RS13080,85
428,gene_429,iCN718.ABAYE_RS13345,108
429,gene_430,iCN718.ABAYE_RS13810,491
430,gene_431,iCN718.ABAYE_RS13845,84
431,gene_432,iCN718.ABAYE_RS13930,387
432,gene_433,iCN718.ABAYE_RS13935,438
434,gene_435,iCN718.ABAYE_RS14015,123
435,gene_436,iCN718.ABAYE_RS14110,193
436,gene_437,iCN718.ABAYE_RS14570,264
437,gene_438,iCN718.ABAYE_RS14580,122
438,gene_439,iCN718.ABAYE_RS14895,133
439,gene_440,iCN718.ABAYE_RS17470,464
440,gene_441,iCN718.ABAYE_RS18625,67
441,gene_442,iCN718.ABAYE_RS18875,381
442,gene_443,iCN718.ABAYE_RS19060,144
443,gene_444,iCN718.ABAYE_RS19265,188
444,gene_445,iCN900.CD630_00340,73
445,gene_446,iCN900.CD630_00470,185
446,gene_447,iCN900.CD630_00480,221
447,gene_448,iCN900.CD630_00500,582
448,gene_449,iCN900.CD630_00510,250
449,gene_450,iCN900.CD630_00520,571
450,gene_451,iCN900.CD630_00910,255
451,gene_452,iCN900.CD630_01000,336
452,gene_453,iCN900.CD630_01010,305
453,gene_454,iCN900.CD630_01020,277
454,gene_455,iCN900.CD630_01030,188
455,gene_456,iCN900.CD630_01190,362
456,gene_457,iCN900.CD630_01200,628
457,gene_458,iCN900.CD630_01280,116
458,gene_459,iCN900.CD630_01300,520
459,gene_460,iCN900.CD630_01840,370
460,gene_461,iCN900.CD630_01860,285
461,gene_462,iCN900.CD630_01880,164
462,gene_463,iCN900.CD630_01980,624
463,gene_464,iCN900.CD630_02210,357
464,gene_465,iCN900.CD630_02220,171
465,gene_466,iCN900.CD630_02240,464
466,gene_467,iCN900.CD630_02250,1342
468,gene_469,iCN900.CD630_02510,453
469,gene_470,iCN900.CD630_02970,263
470,gene_471,iCN900.CD630_03010,84
471,gene_472,iCN900.CD630_03130,634
472,gene_473,iCN900.CD630_03340,1260
473,gene_474,iCN900.CD630_03450,248
474,gene_475,iCN900.CD630_03880,125
475,gene_476,iCN900.CD630_03960,191
476,gene_477,iCN900.CD630_04050,228
477,gene_478,iCN900.CD630_04310,204
478,gene_479,iCN900.CD630_05570,414
479,gene_480,iCN900.CD630_05910,799
480,gene_481,iCN900.CD630_06570,410
481,gene_482,iCN900.CD630_06710,92
482,gene_483,iCN900.CD630_06960,345
483,gene_484,iCN900.CD630_06970,167
484,gene_485,iCN900.CD630_06990,421
485,gene_486,iCN900.CD630_07080,362
486,gene_487,iCN900.CD630_07170,43
487,gene_488,iCN900.CD630_07180,730
488,gene_489,iCN900.CD630_07190,165
489,gene_490,iCN900.CD630_07200,287
490,gene_491,iCN900.CD630_07240,144
491,gene_492,iCN900.CD630_07520,314
492,gene_493,iCN900.CD630_07530,351
493,gene_494,iCN900.CD630_07540,374
494,gene_495,iCN900.CD630_07590,1004
495,gene_496,iCN900.CD630_08160,135
496,gene_497,iCN900.CD630_08180,259
497,gene_498,iCN900.CD630_08330,223
498,gene_499,iCN900.CD630_08410,566
499,gene_500,iCN900.CD630_08720,172
500,gene_501,iCN900.CD630_08820,386
501,gene_502,iCN900.CD630_08840,468
502,gene_503,iCN900.CD630_08850,791
503,gene_504,iCN900.CD630_08880,396
504,gene_505,iCN900.CD630_08900,301
505,gene_506,iCN900.CD630_08930,318
506,gene_507,iCN900.CD630_08940,310
507,gene_508,iCN900.CD630_09000,93
508,gene_509,iCN900.CD630_09270,244
509,gene_510,iCN900.CD630_09890,547
510,gene_511,iCN900.CD630_09900,343
511,gene_512,iCN900.CD630_09920,401
512,gene_513,iCN900.CD630_10030,332
513,gene_514,iCN900.CD630_10050,441
514,gene_515,iCN900.CD630_10100,252
515,gene_516,iCN900.CD630_10110,287
516,gene_517,iCN900.CD630_10240,421
517,gene_518,iCN900.CD630_10250,171
518,gene_519,iCN900.CD630_10260,125
519,gene_520,iCN900.CD630_10270,122
520,gene_521,iCN900.CD630_10600,95
521,gene_522,iCN900.CD630_10620,70
522,gene_523,iCN900.CD630_10690,185
523,gene_524,iCN900.CD630_10870,79
524,gene_525,iCN900.CD630_11530,142
525,gene_526,iCN900.CD630_11750,457
526,gene_527,iCN900.CD630_11780,297
527,gene_528,iCN900.CD630_11800,332
528,gene_529,iCN900.CD630_11810,199
529,gene_530,iCN900.CD630_11820,268
530,gene_531,iCN900.CD630_11840,421
531,gene_532,iCN900.CD630_11910,565
532,gene_533,iCN900.CD630_12050,237
533,gene_534,iCN900.CD630_12070,595
534,gene_535,iCN900.CD630_12230,440
535,gene_536,iCN900.CD630_12250,464
536,gene_537,iCN900.CD630_12790,394
537,gene_538,iCN900.CD630_12820,901
538,gene_539,iCN900.CD630_13150,199
539,gene_540,iCN900.CD630_13270,152
540,gene_541,iCN900.CD630_13320,276
541,gene_542,iCN900.CD630_13340,595
542,gene_543,iCN900.CD630_13530,244
543,gene_544,iCN900.CD630_13820,669
544,gene_545,iCN900.CD630_14450,214
545,gene_546,iCN900.CD630_14490,142
546,gene_547,iCN900.CD630_14770,64
547,gene_548,iCN900.CD630_14780,101
548,gene_549,iCN900.CD630_14790,731
549,gene_550,iCN900.CD630_14890,166
550,gene_551,iCN900.CD630_14950,217
551,gene_552,iCN900.CD630_15260,520
552,gene_553,iCN900.CD630_15360,400
553,gene_554,iCN900.CD630_15370,684
554,gene_555,iCN900.CD630_15480,199
555,gene_556,iCN900.CD630_15520,233
556,gene_557,iCN900.CD630_15530,290
557,gene_558,iCN900.CD630_15770,564
558,gene_559,iCN900.CD630_15870,96
559,gene_560,iCN900.CD630_16010,169
560,gene_561,iCN900.CD630_16140,125
561,gene_562,iCN900.CD630_16150,59
562,gene_563,iCN900.CD630_16260,171
564,gene_565,iCN900.CD630_16550,282
565,gene_566,iCN900.CD630_16590,570
566,gene_567,iCN900.CD630_16630,46
567,gene_568,iCN900.CD630_16740,201
568,gene_569,iCN900.CD630_16910,243
569,gene_570,iCN900.CD630_16970,234
570,gene_571,iCN900.CD630_17020,575
571,gene_572,iCN900.CD630_17040,316
572,gene_573,iCN900.CD630_17050,274
573,gene_574,iCN900.CD630_17230,67
574,gene_575,iCN900.CD630_17290,360
575,gene_576,iCN900.CD630_17470,196
576,gene_577,iCN900.CD630_17650,85
577,gene_578,iCN900.CD630_17760,98
578,gene_579,iCN900.CD630_17850,451
579,gene_580,iCN900.CD630_18070,65
580,gene_581,iCN900.CD630_18080,97
581,gene_582,iCN900.CD630_18140,79
582,gene_583,iCN900.CD630_18180,233
583,gene_584,iCN900.CD630_18250,455
584,gene_585,iCN900.CD630_18330,256
585,gene_586,iCN900.CD630_18380,106
586,gene_587,iCN900.CD630_19040,212
587,gene_588,iCN900.CD630_19360,241
588,gene_589,iCN900.CD630_19370,250
589,gene_590,iCN900.CD630_19390,90
590,gene_591,iCN900.CD630_19470,194
591,gene_592,iCN900.CD630_19780,145
592,gene_593,iCN900.CD630_19790,59
593,gene_594,iCN900.CD630_20140,647
594,gene_595,iCN900.CD630_20200,976
595,gene_596,iCN900.CD630_20300,390
596,gene_597,iCN900.CD630_20310,323
597,gene_598,iCN900.CD630_20320,266
598,gene_599,iCN900.CD630_20330,354
599,gene_600,iCN900.CD630_20500,132
600,gene_601,iCN900.CD630_20590,687
601,gene_602,iCN900.CD630_20810,162
602,gene_603,iCN900.CD630_20860,57
603,gene_604,iCN900.CD630_20910,320
604,gene_605,iCN900.CD630_20990,796
605,gene_606,iCN900.CD630_21000,159
606,gene_607,iCN900.CD630_21010,182
607,gene_608,iCN900.CD630_21070,368
608,gene_609,iCN900.CD630_21150,650
609,gene_610,iCN900.CD630_21180,566
610,gene_611,iCN900.CD630_21220,255
611,gene_612,iCN900.CD630_21240,134
612,gene_613,iCN900.CD630_21280,390
613,gene_614,iCN900.CD630_21300,415
614,gene_615,iCN900.CD630_21350,149
615,gene_616,iCN900.CD630_21360,248
616,gene_617,iCN900.CD630_21380,211
617,gene_618,iCN900.CD630_21680,779
619,gene_620,iCN900.CD630_22060,467
620,gene_621,iCN900.CD630_22560,300
621,gene_622,iCN900.CD630_22690,662
622,gene_623,iCN900.CD630_22700,329
623,gene_624,iCN900.CD630_22760,414
624,gene_625,iCN900.CD630_23200,174
625,gene_626,iCN900.CD630_23290,288
626,gene_627,iCN900.CD630_23300,184
627,gene_628,iCN900.CD630_23610,139
628,gene_629,iCN900.CD630_23700,313
629,gene_630,iCN900.CD630_23710,374
630,gene_631,iCN900.CD630_23720,292
631,gene_632,iCN900.CD630_23770,75
632,gene_633,iCN900.CD630_24030,121
633,gene_634,iCN900.CD630_24100,1029
634,gene_635,iCN900.CD630_24640,297
635,gene_636,iCN900.CD630_24930,87
636,gene_637,iCN900.CD630_25000,474
637,gene_638,iCN900.CD630_25240,112
638,gene_639,iCN900.CD630_25740,100
639,gene_640,iCN900.CD630_25750,234
640,gene_641,iCN900.CD630_25770,195
641,gene_642,iCN900.CD630_25840,309
642,gene_643,iCN900.CD630_25870,401
643,gene_644,iCN900.CD630_25880,196
644,gene_645,iCN900.CD630_25940,315
645,gene_646,iCN900.CD630_25960,334
646,gene_647,iCN900.CD630_26110,221
647,gene_648,iCN900.CD630_26230,182
648,gene_649,iCN900.CD630_26270,79
649,gene_650,iCN900.CD630_26300,337
650,gene_651,iCN900.CD630_26530,372
651,gene_652,iCN900.CD630_26550,291
652,gene_653,iCN900.CD630_26820,1265
653,gene_654,iCN900.CD630_26910,176
654,gene_655,iCN900.CD630_26960,292
655,gene_656,iCN900.CD630_27080,162
656,gene_657,iCN900.CD630_27140,455
657,gene_658,iCN900.CD630_27150,47
658,gene_659,iCN900.CD630_27260,509
659,gene_660,iCN900.CD630_27330,293
660,gene_661,iCN900.CD630_27390,688
661,gene_662,iCN900.CD630_27410,372
662,gene_663,iCN900.CD630_27420,144
663,gene_664,iCN900.CD630_27440,716
664,gene_665,iCN900.CD630_27450,201
665,gene_666,iCN900.CD630_27550,448
666,gene_667,iCN900.CD630_27790,310
667,gene_668,iCN900.CD630_27800,549
668,gene_669,iCN900.CD630_28120,188
669,gene_670,iCN900.CD630_28280,484
670,gene_671,iCN900.CD630_28320,358
672,gene_673,iCN900.CD630_29660,1276
673,gene_674,iCN900.CD630_29710,85
674,gene_675,iCN900.CD630_31000,280
675,gene_676,iCN900.CD630_31100,295
676,gene_677,iCN900.CD630_31470,526
677,gene_678,iCN900.CD630_31690,180
678,gene_679,iCN900.CD630_31700,508
679,gene_680,iCN900.CD630_31710,605
680,gene_681,iCN900.CD630_31720,252
681,gene_682,iCN900.CD630_31730,528
682,gene_683,iCN900.CD630_31740,401
683,gene_684,iCN900.CD630_31890,107
684,gene_685,iCN900.CD630_31950,498
685,gene_686,iCN900.CD630_32150,118
686,gene_687,iCN900.CD630_32230,310
687,gene_688,iCN900.CD630_32250,315
688,gene_689,iCN900.CD630_32530,247
689,gene_690,iCN900.CD630_32560,1112
690,gene_691,iCN900.CD630_32610,383
691,gene_692,iCN900.CD630_32620,213
692,gene_693,iCN900.CD630_32630,215
693,gene_694,iCN900.CD630_32680,179
694,gene_695,iCN900.CD630_32740,47
695,gene_696,iCN900.CD630_32810,211
696,gene_697,iCN900.CD630_32860,327
697,gene_698,iCN900.CD630_33080,174
698,gene_699,iCN900.CD630_33500,174
699,gene_700,iCN900.CD630_33940,467
700,gene_701,iCN900.CD630_34020,289
701,gene_702,iCN900.CD630_34070,493
702,gene_703,iCN900.CD630_34170,103
704,gene_705,iCN900.CD630_34210,240
705,gene_706,iCN900.CD630_34320,133
706,gene_707,iCN900.CD630_34400,167
707,gene_708,iCN900.CD630_34560,96
708,gene_709,iCN900.CD630_34630,266
709,gene_710,iCN900.CD630_34680,689
710,gene_711,iCN900.CD630_34690,214
711,gene_712,iCN900.CD630_34700,655
712,gene_713,iCN900.CD630_34710,80
713,gene_714,iCN900.CD630_34720,52
714,gene_715,iCN900.CD630_34730,65
715,gene_716,iCN900.CD630_34740,145
716,gene_717,iCN900.CD630_34790,259
717,gene_718,iCN900.CD630_34880,48
718,gene_719,iCN900.CD630_35180,421
719,gene_720,iCN900.CD630_35270,260
720,gene_721,iCN900.CD630_35300,261
721,gene_722,iCN900.CD630_35430,471
722,gene_723,iCN900.CD630_35510,265
723,gene_724,iCN900.CD630_35520,553
724,gene_725,iCN900.CD630_35550,200
725,gene_726,iCN900.CD630_35580,219
726,gene_727,iCN900.CD630_35660,259
727,gene_728,iCN900.CD630_35770,50
728,gene_729,iCN900.CD630_35880,1225
729,gene_730,iCN900.CD630_35890,377
730,gene_731,iCN900.CD630_35900,1209
731,gene_732,iCN900.CD630_35960,579
732,gene_733,iCN900.CD630_36550,339
733,gene_734,iCN900.CD630_36640,313
734,gene_735,iEK1008.Rv0125,65
735,gene_736,iEK1008.Rv0166,225
736,gene_737,iEK1008.Rv0220,60
737,gene_738,iEK1008.Rv0357c,317
738,gene_739,iEK1008.Rv0684,798
739,gene_740,iEK1008.Rv0858c,249
740,gene_741,iEK1008.Rv0946c,309
741,gene_742,iEK1008.Rv1023,468
742,gene_743,iEK1008.Rv1288,43
743,gene_744,iEK1008.Rv1294,331
744,gene_745,iEK1008.Rv1308,526
745,gene_746,iEK1008.Rv1326c,380
746,gene_747,iEK1008.Rv1426c,58
747,gene_748,iEK1008.Rv1464,332
748,gene_749,iEK1008.Rv1500,105
749,gene_750,iEK1008.Rv1928c,148
750,gene_751,iEK1008.Rv2040c,115
751,gene_752,iEK1008.Rv2045c,58
752,gene_753,iEK1008.Rv2051c,72
753,gene_754,iEK1008.Rv2156c,75
755,gene_756,iEK1008.Rv2334,346
756,gene_757,iEK1008.Rv2397c,268
757,gene_758,iEK1008.Rv2485c,62
758,gene_759,iEK1008.Rv2581c,132
759,gene_760,iEK1008.Rv2606c,367
760,gene_761,iEK1008.Rv2786c,182
761,gene_762,iEK1008.Rv2936,151
762,gene_763,iEK1008.Rv3002c,147
763,gene_764,iEK1008.Rv3089,233
764,gene_765,iEK1008.Rv3116,67
765,gene_766,iEK1008.Rv3206c,69
766,gene_767,iEK1008.Rv3264c,44
767,gene_768,iEK1008.Rv3469c,92
768,gene_769,iEK1008.Rv3624c,176
769,gene_770,iHN637.CLJU_RS00085,251
770,gene_771,iHN637.CLJU_RS00675,256
771,gene_772,iHN637.CLJU_RS00770,207
772,gene_773,iHN637.CLJU_RS00840,709
773,gene_774,iHN637.CLJU_RS00895,40
774,gene_775,iHN637.CLJU_RS00915,97
775,gene_776,iHN637.CLJU_RS00920,1164
776,gene_777,iHN637.CLJU_RS01030,238
777,gene_778,iHN637.CLJU_RS01075,725
778,gene_779,iHN637.CLJU_RS01130,164
779,gene_780,iHN637.CLJU_RS01135,266
780,gene_781,iHN637.CLJU_RS01160,137
781,gene_782,iHN637.CLJU_RS01165,56
782,gene_783,iHN637.CLJU_RS01175,86
783,gene_784,iHN637.CLJU_RS01180,660
784,gene_785,iHN637.CLJU_RS01190,690
785,gene_786,iHN637.CLJU_RS01195,94
786,gene_787,iHN637.CLJU_RS01260,529
787,gene_788,iHN637.CLJU_RS01300,542
788,gene_789,iHN637.CLJU_RS01315,123
789,gene_790,iHN637.CLJU_RS01390,438
790,gene_791,iHN637.CLJU_RS01560,276
791,gene_792,iHN637.CLJU_RS01590,379
792,gene_793,iHN637.CLJU_RS01595,446
793,gene_794,iHN637.CLJU_RS02030,443
794,gene_795,iHN637.CLJU_RS02150,367
795,gene_796,iHN637.CLJU_RS02155,1206
796,gene_797,iHN637.CLJU_RS02195,437
797,gene_798,iHN637.CLJU_RS02205,48
798,gene_799,iHN637.CLJU_RS02275,493
799,gene_800,iHN637.CLJU_RS02330,99
800,gene_801,iHN637.CLJU_RS02400,48
801,gene_802,iHN637.CLJU_RS02615,430
802,gene_803,iHN637.CLJU_RS02625,176
803,gene_804,iHN637.CLJU_RS02630,231
804,gene_805,iHN637.CLJU_RS02730,426
805,gene_806,iHN637.CLJU_RS02740,176
806,gene_807,iHN637.CLJU_RS02745,233
807,gene_808,iHN637.CLJU_RS02945,234
808,gene_809,iHN637.CLJU_RS02950,434
809,gene_810,iHN637.CLJU_RS03120,154
810,gene_811,iHN637.CLJU_RS03245,114
811,gene_812,iHN637.CLJU_RS03255,230
812,gene_813,iHN637.CLJU_RS03265,479
813,gene_814,iHN637.CLJU_RS03270,756
814,gene_815,iHN637.CLJU_RS03295,456
815,gene_816,iHN637.CLJU_RS03300,491
816,gene_817,iHN637.CLJU_RS03400,623
817,gene_818,iHN637.CLJU_RS03520,266
818,gene_819,iHN637.CLJU_RS03645,115
819,gene_820,iHN637.CLJU_RS03805,524
820,gene_821,iHN637.CLJU_RS03910,298
821,gene_822,iHN637.CLJU_RS04010,1133
822,gene_823,iHN637.CLJU_RS04215,482
823,gene_824,iHN637.CLJU_RS04220,358
824,gene_825,iHN637.CLJU_RS04225,182
825,gene_826,iHN637.CLJU_RS04385,367
826,gene_827,iHN637.CLJU_RS04465,365
827,gene_828,iHN637.CLJU_RS04475,393
828,gene_829,iHN637.CLJU_RS04575,417
829,gene_830,iHN637.CLJU_RS04600,413
830,gene_831,iHN637.CLJU_RS04605,1264
831,gene_832,iHN637.CLJU_RS04950,360
832,gene_833,iHN637.CLJU_RS05135,445
833,gene_834,iHN637.CLJU_RS05190,367
834,gene_835,iHN637.CLJU_RS05195,292
835,gene_836,iHN637.CLJU_RS05255,234
836,gene_837,iHN637.CLJU_RS05270,301
837,gene_838,iHN637.CLJU_RS05470,655
838,gene_839,iHN637.CLJU_RS05525,134
839,gene_840,iHN637.CLJU_RS05570,350
840,gene_841,iHN637.CLJU_RS05575,224
841,gene_842,iHN637.CLJU_RS05580,73
842,gene_843,iHN637.CLJU_RS05585,175
843,gene_844,iHN637.CLJU_RS05590,166
844,gene_845,iHN637.CLJU_RS05595,171
845,gene_846,iHN637.CLJU_RS05660,1358
846,gene_847,iHN637.CLJU_RS05725,209
847,gene_848,iHN637.CLJU_RS05730,470
848,gene_849,iHN637.CLJU_RS05735,221
849,gene_850,iHN637.CLJU_RS05740,186
850,gene_851,iHN637.CLJU_RS05745,231
851,gene_852,iHN637.CLJU_RS05750,390
852,gene_853,iHN637.CLJU_RS05755,322
853,gene_854,iHN637.CLJU_RS05895,273
854,gene_855,iHN637.CLJU_RS06095,367
855,gene_856,iHN637.CLJU_RS06125,305
856,gene_857,iHN637.CLJU_RS06205,234
857,gene_858,iHN637.CLJU_RS06240,179
858,gene_859,iHN637.CLJU_RS06260,360
859,gene_860,iHN637.CLJU_RS06265,453
860,gene_861,iHN637.CLJU_RS06280,274
861,gene_862,iHN637.CLJU_RS06285,77
862,gene_863,iHN637.CLJU_RS06400,213
863,gene_864,iHN637.CLJU_RS06410,227
864,gene_865,iHN637.CLJU_RS06420,377
865,gene_866,iHN637.CLJU_RS06430,392
866,gene_867,iHN637.CLJU_RS06465,167
867,gene_868,iHN637.CLJU_RS06515,157
868,gene_869,iHN637.CLJU_RS06565,628
869,gene_870,iHN637.CLJU_RS06595,489
870,gene_871,iHN637.CLJU_RS06600,90
871,gene_872,iHN637.CLJU_RS06865,50
872,gene_873,iHN637.CLJU_RS07005,620
873,gene_874,iHN637.CLJU_RS07045,179
874,gene_875,iHN637.CLJU_RS07205,498
875,gene_876,iHN637.CLJU_RS07240,426
876,gene_877,iHN637.CLJU_RS07395,414
877,gene_878,iHN637.CLJU_RS07500,263
878,gene_879,iHN637.CLJU_RS07875,333
879,gene_880,iHN637.CLJU_RS07880,221
880,gene_881,iHN637.CLJU_RS07890,173
881,gene_882,iHN637.CLJU_RS07895,92
882,gene_883,iHN637.CLJU_RS07900,499
883,gene_884,iHN637.CLJU_RS07905,216
884,gene_885,iHN637.CLJU_RS08095,1173
885,gene_886,iHN637.CLJU_RS08100,1169
886,gene_887,iHN637.CLJU_RS08755,93
887,gene_888,iHN637.CLJU_RS08905,137
888,gene_889,iHN637.CLJU_RS08910,209
889,gene_890,iHN637.CLJU_RS08925,483
890,gene_891,iHN637.CLJU_RS08965,507
891,gene_892,iHN637.CLJU_RS10005,430
892,gene_893,iHN637.CLJU_RS10010,428
893,gene_894,iHN637.CLJU_RS10015,661
894,gene_895,iHN637.CLJU_RS10025,161
895,gene_896,iHN637.CLJU_RS10075,325
896,gene_897,iHN637.CLJU_RS10220,96
897,gene_898,iHN637.CLJU_RS10465,254
898,gene_899,iHN637.CLJU_RS10530,90
899,gene_900,iHN637.CLJU_RS10560,318
900,gene_901,iHN637.CLJU_RS10565,261
901,gene_902,iHN637.CLJU_RS10570,330
902,gene_903,iHN637.CLJU_RS10680,122
903,gene_904,iHN637.CLJU_RS11215,74
904,gene_905,iHN637.CLJU_RS11345,62
905,gene_906,iHN637.CLJU_RS11515,612
906,gene_907,iHN637.CLJU_RS11545,195
907,gene_908,iHN637.CLJU_RS11570,43
908,gene_909,iHN637.CLJU_RS11970,369
909,gene_910,iHN637.CLJU_RS12040,94
910,gene_911,iHN637.CLJU_RS12050,98
911,gene_912,iHN637.CLJU_RS12255,497
912,gene_913,iHN637.CLJU_RS12420,1125
913,gene_914,iHN637.CLJU_RS12425,342
914,gene_915,iHN637.CLJU_RS12430,390
915,gene_916,iHN637.CLJU_RS12495,449
916,gene_917,iHN637.CLJU_RS13065,126
917,gene_918,iHN637.CLJU_RS13070,127
918,gene_919,iHN637.CLJU_RS13075,254
919,gene_920,iHN637.CLJU_RS13140,219
920,gene_921,iHN637.CLJU_RS13445,451
921,gene_922,iHN637.CLJU_RS13835,416
922,gene_923,iHN637.CLJU_RS13875,356
923,gene_924,iHN637.CLJU_RS14330,608
924,gene_925,iHN637.CLJU_RS14370,271
925,gene_926,iHN637.CLJU_RS14385,244
926,gene_927,iHN637.CLJU_RS14475,1199
927,gene_928,iHN637.CLJU_RS15025,213
928,gene_929,iHN637.CLJU_RS15045,447
929,gene_930,iHN637.CLJU_RS15095,358
930,gene_931,iHN637.CLJU_RS15750,365
931,gene_932,iHN637.CLJU_RS15825,174
932,gene_933,iHN637.CLJU_RS15830,295
933,gene_934,iHN637.CLJU_RS15865,300
934,gene_935,iHN637.CLJU_RS16210,340
935,gene_936,iHN637.CLJU_RS16285,254
936,gene_937,iHN637.CLJU_RS16295,167
937,gene_938,iHN637.CLJU_RS16355,582
938,gene_939,iHN637.CLJU_RS16390,224
939,gene_940,iHN637.CLJU_RS16395,192
940,gene_941,iHN637.CLJU_RS16615,691
941,gene_942,iHN637.CLJU_RS16620,192
942,gene_943,iHN637.CLJU_RS16730,377
943,gene_944,iHN637.CLJU_RS16855,47
944,gene_945,iHN637.CLJU_RS16870,410
945,gene_946,iHN637.CLJU_RS16970,442
946,gene_947,iHN637.CLJU_RS17035,238
947,gene_948,iHN637.CLJU_RS17040,338
948,gene_949,iHN637.CLJU_RS17105,1109
949,gene_950,iHN637.CLJU_RS17500,86
950,gene_951,iHN637.CLJU_RS17580,154
951,gene_952,iHN637.CLJU_RS17585,213
952,gene_953,iHN637.CLJU_RS17590,150
953,gene_954,iHN637.CLJU_RS17595,398
954,gene_955,iHN637.CLJU_RS17720,221
955,gene_956,iHN637.CLJU_RS18300,525
956,gene_957,iHN637.CLJU_RS18305,648
957,gene_958,iHN637.CLJU_RS18325,320
958,gene_959,iHN637.CLJU_RS18335,711
959,gene_960,iHN637.CLJU_RS18360,365
960,gene_961,iHN637.CLJU_RS18405,207
961,gene_962,iHN637.CLJU_RS18460,188
962,gene_963,iHN637.CLJU_RS18510,145
963,gene_964,iHN637.CLJU_RS18530,298
964,gene_965,iHN637.CLJU_RS18540,720
965,gene_966,iHN637.CLJU_RS18545,41
966,gene_967,iHN637.CLJU_RS18940,430
967,gene_968,iHN637.CLJU_RS19255,515
968,gene_969,iHN637.CLJU_RS19260,629
969,gene_970,iHN637.CLJU_RS19265,268
970,gene_971,iHN637.CLJU_RS19270,549
971,gene_972,iHN637.CLJU_RS19350,162
972,gene_973,iHN637.CLJU_RS19450,395
973,gene_974,iHN637.CLJU_RS19490,380
974,gene_975,iHN637.CLJU_RS19495,164
975,gene_976,iHN637.CLJU_RS19520,301
976,gene_977,iHN637.CLJU_RS19680,494
977,gene_978,iHN637.CLJU_RS19845,45
978,gene_979,iHN637.CLJU_RS19905,626
979,gene_980,iHN637.CLJU_RS19935,55
980,gene_981,iHN637.CLJU_RS19940,243
981,gene_982,iHN637.CLJU_RS19990,233
982,gene_983,iHN637.CLJU_RS19995,364
983,gene_984,iHN637.CLJU_RS20110,252
984,gene_985,iHN637.CLJU_RS20335,190
985,gene_986,iHN637.CLJU_RS20455,196
986,gene_987,iHN637.CLJU_RS20465,183
987,gene_988,iHN637.CLJU_RS20600,421
988,gene_989,iHN637.CLJU_RS20680,463
989,gene_990,iHN637.CLJU_RS20735,287
990,gene_991,iHN637.CLJU_RS20740,256
991,gene_992,iHN637.CLJU_RS20745,505
992,gene_993,iHN637.CLJU_RS20750,169
993,gene_994,iHN637.CLJU_RS20755,92
994,gene_995,iHN637.CLJU_RS20760,467
995,gene_996,iHN637.CLJU_RS20765,273
996,gene_997,iHN637.CLJU_RS20770,216
997,gene_998,iHN637.CLJU_RS20775,330
998,gene_999,iHN637.CLJU_RS20780,243
999,gene_1000,iHN637.CLJU_RS20860,291
1000,gene_1001,iHN637.CLJU_RS20985,341
1001,gene_1002,iHN637.CLJU_RS20990,433
1002,gene_1003,iHN637.CLJU_RS20995,370
1003,gene_1004,iIS312.TCDM_05039,287
1004,gene_1005,iIS312.TCDM_10698,47
1005,gene_1006,iIT341.HP0043,220
1006,gene_1007,iIT341.HP0055,313
1007,gene_1008,iIT341.HP0096,213
1008,gene_1009,iIT341.HP0159,71
1009,gene_1010,iIT341.HP0380,507
1010,gene_1011,iIT341.HP0493,80
1011,gene_1012,iIT341.HP0687,50
1012,gene_1013,iIT341.HP0824,64
1013,gene_1014,iIT341.HP1099,160
1014,gene_1015,iIT341.HP1132,617
1015,gene_1016,iIT341.HP1134,561
1016,gene_1017,iIT341.HP1278,466
1017,gene_1018,iIT341.HP1468,347
1018,gene_1019,iIT341.HP1576,174
1019,gene_1020,iJN1463.PP_0065,206
1020,gene_1021,iJN1463.PP_0083,468
1021,gene_1022,iJN1463.PP_0114,122
1022,gene_1023,iJN1463.PP_0118,84
1023,gene_1024,iJN1463.PP_0129,85
1024,gene_1025,iJN1463.PP_0209,151
1025,gene_1026,iJN1463.PP_0225,246
1026,gene_1027,iJN1463.PP_0240,98
1027,gene_1028,iJN1463.PP_0266,340
1028,gene_1029,iJN1463.PP_0283,92
1029,gene_1030,iJN1463.PP_0293,293
1030,gene_1031,iJN1463.PP_0322,499
1031,gene_1032,iJN1463.PP_0323,92
1032,gene_1033,iJN1463.PP_0325,37
1033,gene_1034,iJN1463.PP_0417,321
1034,gene_1035,iJN1463.PP_0420,218
1035,gene_1036,iJN1463.PP_0422,159
1036,gene_1037,iJN1463.PP_0432,297
1037,gene_1038,iJN1463.PP_0510,64
1038,gene_1039,iJN1463.PP_0671,500
1039,gene_1040,iJN1463.PP_0675,496
1040,gene_1041,iJN1463.PP_0718,229
1041,gene_1042,iJN1463.PP_0722,93
1042,gene_1043,iJN1463.PP_0735,69
1043,gene_1044,iJN1463.PP_0817,258
1044,gene_1045,iJN1463.PP_0833,358
1045,gene_1046,iJN1463.PP_0914,210
1046,gene_1047,iJN1463.PP_0928,166
1047,gene_1048,iJN1463.PP_0936,123
1048,gene_1049,iJN1463.PP_0996,255
1049,gene_1050,iJN1463.PP_1024,147
1050,gene_1051,iJN1463.PP_1078,87
1051,gene_1052,iJN1463.PP_1144,193
1052,gene_1053,iJN1463.PP_1167,296
1053,gene_1054,iJN1463.PP_1169,126
1054,gene_1055,iJN1463.PP_1225,112
1055,gene_1056,iJN1463.PP_1226,108
1056,gene_1057,iJN1463.PP_1235,119
1057,gene_1058,iJN1463.PP_1280,189
1058,gene_1059,iJN1463.PP_1303,406
1059,gene_1060,iJN1463.PP_1304,367
1060,gene_1061,iJN1463.PP_1308,54
1061,gene_1062,iJN1463.PP_1336,137
1062,gene_1063,iJN1463.PP_1484,92
1063,gene_1064,iJN1463.PP_1494,72
1064,gene_1065,iJN1463.PP_1612,490
1065,gene_1066,iJN1463.PP_1768,330
1066,gene_1067,iJN1463.PP_1771,161
1067,gene_1068,iJN1463.PP_1778,127
1068,gene_1069,iJN1463.PP_1779,209
1069,gene_1070,iJN1463.PP_1801,68
1070,gene_1071,iJN1463.PP_1823,145
1071,gene_1072,iJN1463.PP_1915,66
1072,gene_1073,iJN1463.PP_1924,71
1074,gene_1075,iJN1463.PP_1988,395
1075,gene_1076,iJN1463.PP_2214,58
1076,gene_1077,iJN1463.PP_2416,79
1077,gene_1078,iJN1463.PP_2443,399
1078,gene_1079,iJN1463.PP_2453,45
1079,gene_1080,iJN1463.PP_2482,40
1080,gene_1081,iJN1463.PP_2512,140
1081,gene_1082,iJN1463.PP_2872,52
1082,gene_1083,iJN1463.PP_2904,642
1083,gene_1084,iJN1463.PP_3461,149
1084,gene_1085,iJN1463.PP_3511,354
1085,gene_1086,iJN1463.PP_3581,299
1086,gene_1087,iJN1463.PP_3637,150
1087,gene_1088,iJN1463.PP_3999,246
1088,gene_1089,iJN1463.PP_4000,253
1089,gene_1090,iJN1463.PP_4029,105
1090,gene_1091,iJN1463.PP_4055,221
1091,gene_1092,iJN1463.PP_4058,600
1092,gene_1093,iJN1463.PP_4210,177
1093,gene_1094,iJN1463.PP_4220,192
1094,gene_1095,iJN1463.PP_4284,335
1095,gene_1096,iJN1463.PP_4423,55
1096,gene_1097,iJN1463.PP_4481,320
1097,gene_1098,iJN1463.PP_4639,91
1098,gene_1099,iJN1463.PP_4653,338
1099,gene_1100,iJN1463.PP_4670,89
1100,gene_1101,iJN1463.PP_4803,149
1101,gene_1102,iJN1463.PP_4889,297
1102,gene_1103,iJN1463.PP_4893,243
1103,gene_1104,iJN1463.PP_4935,265
1104,gene_1105,iJN1463.PP_4946,322
1105,gene_1106,iJN1463.PP_5078,243
1106,gene_1107,iJN1463.PP_5079,114
1107,gene_1108,iJN1463.PP_5089,327
1108,gene_1109,iJN1463.PP_5105,43
1109,gene_1110,iJN1463.PP_5123,167
1110,gene_1111,iJN1463.PP_5137,103
1111,gene_1112,iJN1463.PP_5168,267
1112,gene_1113,iJN1463.PP_5169,276
1113,gene_1114,iJN1463.PP_5170,77
1114,gene_1115,iJN1463.PP_5171,320
1115,gene_1116,iJN1463.PP_5215,100
1116,gene_1117,iJN1463.PP_5227,103
1117,gene_1118,iJN1463.PP_5291,164
1119,gene_1120,iJN1463.PP_5346,473
1121,gene_1122,iLB1027_lipid.PHATRDRAFT_15323,45
1122,gene_1123,iLB1027_lipid.PHATRDRAFT_16944,155
1123,gene_1124,iLB1027_lipid.PHATRDRAFT_19705,84
1124,gene_1125,iLB1027_lipid.PHATRDRAFT_20318,75
1125,gene_1126,iLB1027_lipid.PHATRDRAFT_20809,235
1126,gene_1127,iLB1027_lipid.PHATRDRAFT_23920,147
1127,gene_1128,iLB1027_lipid.PHATRDRAFT_23924,283
1128,gene_1129,iLB1027_lipid.PHATRDRAFT_26432,43
1129,gene_1130,iLB1027_lipid.PHATRDRAFT_29885,372
1130,gene_1131,iLB1027_lipid.PHATRDRAFT_33839,67
1131,gene_1132,iLB1027_lipid.PHATRDRAFT_38930,276
1132,gene_1133,iLB1027_lipid.PHATRDRAFT_43429,339
1133,gene_1134,iLB1027_lipid.PHATRDRAFT_45660,49
1134,gene_1135,iLB1027_lipid.PHATRDRAFT_54086,631
1135,gene_1136,iLB1027_lipid.PHATRDRAFT_54703,234
1136,gene_1137,iLB1027_lipid.PHATRDRAFT_9348,174
1137,gene_1138,iLJ478.TM0067,305
1138,gene_1139,iLJ478.TM0068,596
1139,gene_1140,iLJ478.TM0069,416
1140,gene_1141,iLJ478.TM0080,84
1141,gene_1142,iLJ478.TM0115,76
1142,gene_1143,iLJ478.TM0124,92
1143,gene_1144,iLJ478.TM0128,439
1144,gene_1145,iLJ478.TM0138,481
1145,gene_1146,iLJ478.TM0139,97
1146,gene_1147,iLJ478.TM0140,163
1147,gene_1148,iLJ478.TM0141,231
1148,gene_1149,iLJ478.TM0167,401
1149,gene_1150,iLJ478.TM0174,680
1150,gene_1151,iLJ478.TM0201,538
1151,gene_1152,iLJ478.TM0239,288
1152,gene_1153,iLJ478.TM0240,409
1153,gene_1154,iLJ478.TM0259,172
1154,gene_1155,iLJ478.TM0269,59
1155,gene_1156,iLJ478.TM0274,453
1156,gene_1157,iLJ478.TM0282,210
1157,gene_1158,iLJ478.TM0291,365
1158,gene_1159,iLJ478.TM0293,410
1159,gene_1160,iLJ478.TM0349,172
1160,gene_1161,iLJ478.TM0402,419
1161,gene_1162,iLJ478.TM0421,121
1162,gene_1163,iLJ478.TM0446,197
1164,gene_1165,iLJ478.TM0550,425
1165,gene_1166,iLJ478.TM0551,617
1166,gene_1167,iLJ478.TM0554,329
1167,gene_1168,iLJ478.TM0689,250
1168,gene_1169,iLJ478.TM0716,327
1169,gene_1170,iLJ478.TM0720,482
1170,gene_1171,iLJ478.TM0741,161
1171,gene_1172,iLJ478.TM0751,446
1172,gene_1173,iLJ478.TM0819,323
1173,gene_1174,iLJ478.TM0877,489
1174,gene_1175,iLJ478.TM0880,325
1175,gene_1176,iLJ478.TM0881,348
1176,gene_1177,iLJ478.TM1139,43
1177,gene_1178,iLJ478.TM1148,491
1178,gene_1179,iLJ478.TM1193,539
1179,gene_1180,iLJ478.TM1217,246
1180,gene_1181,iLJ478.TM1374,79
1181,gene_1182,iLJ478.TM1376,100
1182,gene_1183,iLJ478.TM1379,264
1183,gene_1184,iLJ478.TM1384,199
1184,gene_1185,iLJ478.TM1430,649
1185,gene_1186,iLJ478.TM1432,94
1186,gene_1187,iLJ478.TM1433,154
1187,gene_1188,iLJ478.TM1443,162
1188,gene_1189,iLJ478.TM1559,219
1189,gene_1190,iLJ478.TM1585,409
1190,gene_1191,iLJ478.TM1610,630
1191,gene_1192,iLJ478.TM1612,605
1192,gene_1193,iLJ478.TM1640,247
1193,gene_1194,iLJ478.TM1653,449
1194,gene_1195,iLJ478.TM1689,47
1195,gene_1196,iLJ478.TM1724,158
1196,gene_1197,iLJ478.TM1782,323
1197,gene_1198,iLJ478.TM1783,363
1198,gene_1199,iLJ478.TM1784,269
1199,gene_1200,iLJ478.TM1785,348
1200,gene_1201,iLJ478.TM1845,197
1201,gene_1202,iLJ478.TM1848,1018
1202,gene_1203,iLJ478.TM1867,261
1203,gene_1204,iML1515.b0089,132
1204,gene_1205,iML1515.b0092,172
1205,gene_1206,iML1515.b0125,181
1206,gene_1207,iML1515.b0154,433
1207,gene_1208,iML1515.b0180,105
1208,gene_1209,iML1515.b0199,174
1209,gene_1210,iML1515.b0355,57
1210,gene_1211,iML1515.b0366,87
1211,gene_1212,iML1515.b0386,225
1212,gene_1213,iML1515.b0403,251
1213,gene_1214,iML1515.b0446,72
1214,gene_1215,iML1515.b0650,267
1216,gene_1217,iML1515.b0766,70
1217,gene_1218,iML1515.b0809,240
1218,gene_1219,iML1515.b0819,41
1219,gene_1220,iML1515.b0822,96
1220,gene_1221,iML1515.b0826,70
1221,gene_1222,iML1515.b0841,57
1222,gene_1223,iML1515.b0844,97
1223,gene_1224,iML1515.b0903,913
1224,gene_1225,iML1515.b0907,301
1225,gene_1226,iML1515.b0908,273
1226,gene_1227,iML1515.b0914,304
1227,gene_1228,iML1515.b1010,56
1228,gene_1229,iML1515.b1015,328
1229,gene_1230,iML1515.b1025,88
1230,gene_1231,iML1515.b1103,68
1231,gene_1232,iML1515.b1134,44
1232,gene_1233,iML1515.b1206,320
1233,gene_1234,iML1515.b1207,102
1234,gene_1235,iML1515.b1285,106
1235,gene_1236,iML1515.b1337,152
1236,gene_1237,iML1515.b1341,91
1237,gene_1238,iML1515.b1441,97
1238,gene_1239,iML1515.b1488,88
1239,gene_1240,iML1515.b1490,94
1240,gene_1241,iML1515.b1521,353
1241,gene_1242,iML1515.b1616,181
1242,gene_1243,iML1515.b1617,504
1243,gene_1244,iML1515.b1680,335
1244,gene_1245,iML1515.b1682,208
1245,gene_1246,iML1515.b1727,62
1246,gene_1247,iML1515.b1748,317
1247,gene_1248,iML1515.b1850,158
1248,gene_1249,iML1515.b1856,95
1249,gene_1250,iML1515.b1917,254
1250,gene_1251,iML1515.b1985,187
1251,gene_1252,iML1515.b2036,461
1252,gene_1253,iML1515.b2037,102
1253,gene_1254,iML1515.b2039,408
1254,gene_1255,iML1515.b2047,145
1255,gene_1256,iML1515.b2049,214
1256,gene_1257,iML1515.b2173,95
1257,gene_1258,iML1515.b2175,55
1258,gene_1259,iML1515.b2232,52
1259,gene_1260,iML1515.b2241,50
1260,gene_1261,iML1515.b2251,38
1261,gene_1262,iML1515.b2253,192
1262,gene_1263,iML1515.b2254,110
1263,gene_1264,iML1515.b2291,180
1264,gene_1265,iML1515.b2309,72
1265,gene_1266,iML1515.b2329,329
1266,gene_1267,iML1515.b2379,257
1267,gene_1268,iML1515.b2411,316
1269,gene_1270,iML1515.b2422,258
1270,gene_1271,iML1515.b2480,123
1271,gene_1272,iML1515.b2499,325
1272,gene_1273,iML1515.b2551,502
1273,gene_1274,iML1515.b2682,57
1274,gene_1275,iML1515.b2690,58
1275,gene_1276,iML1515.b2700,113
1276,gene_1277,iML1515.b2710,144
1277,gene_1278,iML1515.b2752,416
1278,gene_1279,iML1515.b2799,461
1279,gene_1280,iML1515.b2842,321
1280,gene_1281,iML1515.b2843,323
1281,gene_1282,iML1515.b2924,160
1282,gene_1283,iML1515.b3040,73
1283,gene_1284,iML1515.b3062,270
1284,gene_1285,iML1515.b3089,392
1285,gene_1286,iML1515.b3091,497
1286,gene_1287,iML1515.b3092,528
1287,gene_1288,iML1515.b3125,347
1288,gene_1289,iML1515.b3196,169
1289,gene_1290,iML1515.b3201,101
1290,gene_1291,iML1515.b3248,132
1292,gene_1293,iML1515.b3290,217
1293,gene_1294,iML1515.b3291,81
1294,gene_1295,iML1515.b3359,325
1295,gene_1296,iML1515.b3368,232
1296,gene_1297,iML1515.b3370,99
1297,gene_1298,iML1515.b3385,45
1298,gene_1299,iML1515.b3389,243
1299,gene_1300,iML1515.b3390,107
1300,gene_1301,iML1515.b3403,728
1301,gene_1302,iML1515.b3409,42
1302,gene_1303,iML1515.b3417,506
1303,gene_1304,iML1515.b3428,122
1304,gene_1305,iML1515.b3432,419
1305,gene_1306,iML1515.b3589,208
1306,gene_1307,iML1515.b3590,88
1307,gene_1308,iML1515.b3628,110
1308,gene_1309,iML1515.b3640,122
1309,gene_1310,iML1515.b3642,173
1310,gene_1311,iML1515.b3653,256
1311,gene_1312,iML1515.b3697,114
1312,gene_1313,iML1515.b3731,56
1313,gene_1314,iML1515.b3732,595
1314,gene_1315,iML1515.b3781,109
1316,gene_1317,iML1515.b3789,381
1317,gene_1318,iML1515.b3829,52
1318,gene_1319,iML1515.b3833,44
1319,gene_1320,iML1515.b3903,432
1320,gene_1321,iML1515.b3917,325
1321,gene_1322,iML1515.b3926,630
1322,gene_1323,iML1515.b3943,53
1323,gene_1324,iML1515.b3992,69
1324,gene_1325,iML1515.b3996,112
1325,gene_1326,iML1515.b4025,296
1326,gene_1327,iML1515.b4167,176
1327,gene_1328,iML1515.b4169,44
1328,gene_1329,iML1515.b4173,251
1329,gene_1330,iML1515.b4177,292
1330,gene_1331,iML1515.b4237,114
1331,gene_1332,iML1515.b4238,390
1332,gene_1333,iML1515.b4266,240
1333,gene_1334,iML1515.b4352,92
1334,gene_1335,iML1515.b4388,50
1335,gene_1336,iML1515.b4476,278
1336,gene_1337,iMM1415.102857,95
1337,gene_1338,iMM1415.107272,314
1338,gene_1339,iMM1415.107652,248
1339,gene_1340,iMM1415.110095,747
1340,gene_1341,iMM1415.11303,121
1341,gene_1342,iMM1415.11431,85
1342,gene_1343,iMM1415.11947,631
1343,gene_1344,iMM1415.12709,71
1344,gene_1345,iMM1415.13162,100
1345,gene_1346,iMM1415.14411,138
1346,gene_1347,iMM1415.14412,127
1347,gene_1348,iMM1415.14751,146
1348,gene_1349,iMM1415.14923,48
1349,gene_1350,iMM1415.15107,130
1350,gene_1351,iMM1415.15567,129
1351,gene_1352,iMM1415.18195,133
1352,gene_1353,iMM1415.18670,219
1353,gene_1354,iMM1415.19309,772
1354,gene_1355,iMM1415.226413,191
1355,gene_1356,iMM1415.232333,105
1356,gene_1357,iMM1415.23923,48
1357,gene_1358,iMM1415.23945,73
1358,gene_1359,iMM1415.240332,100
1359,gene_1360,iMM1415.243616,118
1360,gene_1361,iMM1415.269951,446
1361,gene_1362,iMM1415.320685,176
1362,gene_1363,iMM1415.56774,95
1363,gene_1364,iMM1415.69215,54
1364,gene_1365,iMM1415.71760,326
1365,gene_1366,iMM1415.74129,96
1366,gene_1367,iMM1415.74246,419
1367,gene_1368,iMM1415.76722,69
1368,gene_1369,iMM1415.81600,43
1369,gene_1370,iMM904.YAR015W,274
1370,gene_1371,iMM904.YBR034C,45
1371,gene_1372,iMM904.YBR196C,299
1372,gene_1373,iMM904.YDL055C,50
1373,gene_1374,iMM904.YDR158W,243
1374,gene_1375,iMM904.YDR368W,90
1375,gene_1376,iMM904.YJR121W,638
1376,gene_1377,iMM904.YJR153W,62
1377,gene_1378,iMM904.YML059C,46
1378,gene_1379,iMM904.YOR120W,95
1379,gene_1380,iMM904.YPR033C,147
1380,gene_1381,iMM904.YPR183W,137
1381,gene_1382,iNF517.LLMG_RS00090,170
1382,gene_1383,iNF517.LLMG_RS00430,406
1383,gene_1384,iNF517.LLMG_RS00495,458
1384,gene_1385,iNF517.LLMG_RS00670,70
1385,gene_1386,iNF517.LLMG_RS01005,187
1386,gene_1387,iNF517.LLMG_RS01090,412
1387,gene_1388,iNF517.LLMG_RS01110,186
1388,gene_1389,iNF517.LLMG_RS01180,458
1389,gene_1390,iNF517.LLMG_RS01210,615
1390,gene_1391,iNF517.LLMG_RS01465,399
1391,gene_1392,iNF517.LLMG_RS01620,234
1392,gene_1393,iNF517.LLMG_RS01625,215
1393,gene_1394,iNF517.LLMG_RS01630,172
1394,gene_1395,iNF517.LLMG_RS01635,171
1395,gene_1396,iNF517.LLMG_RS01960,46
1396,gene_1397,iNF517.LLMG_RS01990,150
1397,gene_1398,iNF517.LLMG_RS01995,516
1398,gene_1399,iNF517.LLMG_RS02010,276
1399,gene_1400,iNF517.LLMG_RS02055,333
1400,gene_1401,iNF517.LLMG_RS02275,1171
1401,gene_1402,iNF517.LLMG_RS02290,377
1402,gene_1403,iNF517.LLMG_RS02785,372
1403,gene_1404,iNF517.LLMG_RS02930,479
1404,gene_1405,iNF517.LLMG_RS02940,315
1405,gene_1406,iNF517.LLMG_RS03215,490
1406,gene_1407,iNF517.LLMG_RS03290,108
1407,gene_1408,iNF517.LLMG_RS03315,501
1408,gene_1409,iNF517.LLMG_RS03780,165
1409,gene_1410,iNF517.LLMG_RS03810,234
1410,gene_1411,iNF517.LLMG_RS03815,325
1411,gene_1412,iNF517.LLMG_RS03820,161
1412,gene_1413,iNF517.LLMG_RS03870,545
1413,gene_1414,iNF517.LLMG_RS03890,49
1414,gene_1415,iNF517.LLMG_RS04060,93
1415,gene_1416,iNF517.LLMG_RS04395,384
1416,gene_1417,iNF517.LLMG_RS04440,672
1417,gene_1418,iNF517.LLMG_RS04530,432
1418,gene_1419,iNF517.LLMG_RS05020,342
1419,gene_1420,iNF517.LLMG_RS05050,171
1420,gene_1421,iNF517.LLMG_RS05280,472
1421,gene_1422,iNF517.LLMG_RS05325,117
1422,gene_1423,iNF517.LLMG_RS05390,229
1423,gene_1424,iNF517.LLMG_RS05395,130
1424,gene_1425,iNF517.LLMG_RS05530,1163
1425,gene_1426,iNF517.LLMG_RS05615,303
1426,gene_1427,iNF517.LLMG_RS05690,285
1427,gene_1428,iNF517.LLMG_RS05980,345
1428,gene_1429,iNF517.LLMG_RS06000,549
1429,gene_1430,iNF517.LLMG_RS06045,131
1430,gene_1431,iNF517.LLMG_RS06170,35
1431,gene_1432,iNF517.LLMG_RS06190,879
1432,gene_1433,iNF517.LLMG_RS06540,292
1433,gene_1434,iNF517.LLMG_RS06550,184
1434,gene_1435,iNF517.LLMG_RS06585,361
1435,gene_1436,iNF517.LLMG_RS06720,113
1436,gene_1437,iNF517.LLMG_RS06730,101
1437,gene_1438,iNF517.LLMG_RS06775,149
1438,gene_1439,iNF517.LLMG_RS07195,135
1439,gene_1440,iNF517.LLMG_RS07220,198
1440,gene_1441,iNF517.LLMG_RS07275,53
1441,gene_1442,iNF517.LLMG_RS07320,164
1442,gene_1443,iNF517.LLMG_RS07670,105
1443,gene_1444,iNF517.LLMG_RS07695,225
1444,gene_1445,iNF517.LLMG_RS07700,538
1445,gene_1446,iNF517.LLMG_RS07705,236
1446,gene_1447,iNF517.LLMG_RS07710,417
1447,gene_1448,iNF517.LLMG_RS07830,73
1448,gene_1449,iNF517.LLMG_RS08030,689
1449,gene_1450,iNF517.LLMG_RS08260,148
1450,gene_1451,iNF517.LLMG_RS08455,277
1451,gene_1452,iNF517.LLMG_RS08750,833
1452,gene_1453,iNF517.LLMG_RS08920,258
1453,gene_1454,iNF517.LLMG_RS08925,256
1454,gene_1455,iNF517.LLMG_RS08930,475
1455,gene_1456,iNF517.LLMG_RS08950,144
1456,gene_1457,iNF517.LLMG_RS08960,42
1457,gene_1458,iNF517.LLMG_RS08965,238
1458,gene_1459,iNF517.LLMG_RS09360,155
1459,gene_1460,iNF517.LLMG_RS09365,738
1460,gene_1461,iNF517.LLMG_RS09700,234
1461,gene_1462,iNF517.LLMG_RS09720,308
1462,gene_1463,iNF517.LLMG_RS09735,633
1463,gene_1464,iNF517.LLMG_RS09745,561
1464,gene_1465,iNF517.LLMG_RS09915,318
1465,gene_1466,iNF517.LLMG_RS10000,48
1466,gene_1467,iNF517.LLMG_RS10005,295
1467,gene_1468,iNF517.LLMG_RS10225,43
1468,gene_1469,iNF517.LLMG_RS10780,188
1469,gene_1470,iNF517.LLMG_RS10835,308
1470,gene_1471,iNF517.LLMG_RS10940,256
1471,gene_1472,iNF517.LLMG_RS11000,223
1472,gene_1473,iNF517.LLMG_RS11055,329
1473,gene_1474,iNF517.LLMG_RS11470,194
1474,gene_1475,iNF517.LLMG_RS11535,222
1475,gene_1476,iNF517.LLMG_RS12030,78
1476,gene_1477,iNF517.LLMG_RS12210,139
1477,gene_1478,iNF517.LLMG_RS12440,256
1478,gene_1479,iNF517.LLMG_RS12480,555
1479,gene_1480,iNF517.LLMG_RS12590,609
1480,gene_1481,iNF517.LLMG_RS12755,392
1481,gene_1482,iPC815.YPO0035,269
1482,gene_1483,iPC815.YPO0045,176
1483,gene_1484,iPC815.YPO0047,128
1484,gene_1485,iPC815.YPO0053,160
1485,gene_1486,iPC815.YPO0132,43
1486,gene_1487,iPC815.YPO0138,732
1487,gene_1488,iPC815.YPO0152,239
1488,gene_1489,iPC815.YPO0158,228
1489,gene_1490,iPC815.YPO0239,216
1490,gene_1491,iPC815.YPO0329,435
1491,gene_1492,iPC815.YPO0378,295
1492,gene_1493,iPC815.YPO0557,171
1493,gene_1494,iPC815.YPO0565,49
1494,gene_1495,iPC815.YPO0579,509
1495,gene_1496,iPC815.YPO0581,486
1496,gene_1497,iPC815.YPO0584,407
1497,gene_1498,iPC815.YPO1073,173
1498,gene_1499,iPC815.YPO1137,122
1499,gene_1500,iPC815.YPO1215,47
1501,gene_1502,iPC815.YPO1332,50
1502,gene_1503,iPC815.YPO1379,248
1503,gene_1504,iPC815.YPO1381,40
1504,gene_1505,iPC815.YPO1389,309
1505,gene_1506,iPC815.YPO1390,271
1506,gene_1507,iPC815.YPO1395,305
1507,gene_1508,iPC815.YPO1600,63
1509,gene_1510,iPC815.YPO1914,244
1510,gene_1511,iPC815.YPO2013,98
1511,gene_1512,iPC815.YPO2046,302
1512,gene_1513,iPC815.YPO2060,74
1513,gene_1514,iPC815.YPO2067,160
1514,gene_1515,iPC815.YPO2167,48
1515,gene_1516,iPC815.YPO2421,113
1516,gene_1517,iPC815.YPO2422,184
1517,gene_1518,iPC815.YPO2539,239
1518,gene_1519,iPC815.YPO2559,190
1519,gene_1520,iPC815.YPO2628,405
1520,gene_1521,iPC815.YPO2751,327
1521,gene_1522,iPC815.YPO2774,68
1522,gene_1523,iPC815.YPO2828,329
1523,gene_1524,iPC815.YPO2907,485
1524,gene_1525,iPC815.YPO2993,65
1525,gene_1526,iPC815.YPO3012,264
1526,gene_1527,iPC815.YPO3064,120
1527,gene_1528,iPC815.YPO3115,44
1528,gene_1529,iPC815.YPO3366,412
1529,gene_1530,iPC815.YPO3389,432
1530,gene_1531,iPC815.YPO3408,185
1531,gene_1532,iPC815.YPO3454,407
1532,gene_1533,iPC815.YPO3576,181
1534,gene_1535,iPC815.YPO3714,42
1535,gene_1536,iPC815.YPO3718,142
1536,gene_1537,iPC815.YPO3781,48
1537,gene_1538,iPC815.YPO3861,391
1538,gene_1539,iPC815.YPO3868,107
1539,gene_1540,iPC815.YPO3938,521
1540,gene_1541,iPC815.YPO3942,612
1541,gene_1542,iPC815.YPO4120,52
1542,gene_1543,iPC815.YPO4121,594
1543,gene_1544,iSDY_1059.SDY_0034,181
1544,gene_1545,iSDY_1059.SDY_0122,172
1545,gene_1546,iSDY_1059.SDY_0170,429
1546,gene_1547,iSDY_1059.SDY_0196,105
1547,gene_1548,iSDY_1059.SDY_0218,176
1548,gene_1549,iSDY_1059.SDY_0356,223
1549,gene_1550,iSDY_1059.SDY_0358,100
1550,gene_1551,iSDY_1059.SDY_0504,95
1551,gene_1552,iSDY_1059.SDY_0704,126
1552,gene_1553,iSDY_1059.SDY_0761,70
1553,gene_1554,iSDY_1059.SDY_0787,240
1554,gene_1555,iSDY_1059.SDY_0829,44
1555,gene_1556,iSDY_1059.SDY_0843,60
1556,gene_1557,iSDY_1059.SDY_0985,56
1557,gene_1558,iSDY_1059.SDY_0990,328
1558,gene_1559,iSDY_1059.SDY_1136,157
1559,gene_1560,iSDY_1059.SDY_1180,311
1560,gene_1561,iSDY_1059.SDY_1255,320
1561,gene_1562,iSDY_1059.SDY_1256,102
1562,gene_1563,iSDY_1059.SDY_1629,78
1563,gene_1564,iSDY_1059.SDY_1860,310
1564,gene_1565,iSDY_1059.SDY_1913,207
1565,gene_1566,iSDY_1059.SDY_2018,44
1566,gene_1567,iSDY_1059.SDY_2206,416
1567,gene_1568,iSDY_1059.SDY_2344,304
1568,gene_1569,iSDY_1059.SDY_2353,275
1569,gene_1570,iSDY_1059.SDY_2354,299
1570,gene_1571,iSDY_1059.SDY_2358,912
1571,gene_1572,iSDY_1059.SDY_2424,52
1572,gene_1573,iSDY_1059.SDY_2436,50
1573,gene_1574,iSDY_1059.SDY_2487,181
1574,gene_1575,iSDY_1059.SDY_2508,72
1575,gene_1576,iSDY_1059.SDY_2528,328
1576,gene_1577,iSDY_1059.SDY_2577,254
1577,gene_1578,iSDY_1059.SDY_2608,315
1579,gene_1580,iSDY_1059.SDY_2618,258
1580,gene_1581,iSDY_1059.SDY_2669,122
1581,gene_1582,iSDY_1059.SDY_2688,325
1582,gene_1583,iSDY_1059.SDY_2741,501
1583,gene_1584,iSDY_1059.SDY_2877,57
1584,gene_1585,iSDY_1059.SDY_2887,61
1585,gene_1586,iSDY_1059.SDY_2907,145
1586,gene_1587,iSDY_1059.SDY_2951,411
1587,gene_1588,iSDY_1059.SDY_3016,461
1588,gene_1589,iSDY_1059.SDY_3200,75
1589,gene_1590,iSDY_1059.SDY_3274,391
1590,gene_1591,iSDY_1059.SDY_3276,494
1591,gene_1592,iSDY_1059.SDY_3319,341
1592,gene_1593,iSDY_1059.SDY_3377,171
1593,gene_1594,iSDY_1059.SDY_3382,112
1594,gene_1595,iSDY_1059.SDY_3432,88
1595,gene_1596,iSDY_1059.SDY_3466,217
1596,gene_1597,iSDY_1059.SDY_3521,319
1597,gene_1598,iSDY_1059.SDY_3530,229
1598,gene_1599,iSDY_1059.SDY_3574,507
1599,gene_1600,iSDY_1059.SDY_3578,417
1600,gene_1601,iSDY_1059.SDY_3587,278
1601,gene_1602,iSDY_1059.SDY_3659,506
1602,gene_1603,iSDY_1059.SDY_3673,725
1604,gene_1605,iSDY_1059.SDY_3690,241
1606,gene_1607,iSDY_1059.SDY_3730,108
1607,gene_1608,iSDY_1059.SDY_3734,69
1608,gene_1609,iSDY_1059.SDY_3818,631
1609,gene_1610,iSDY_1059.SDY_3830,323
1610,gene_1611,iSDY_1059.SDY_3910,44
1611,gene_1612,iSDY_1059.SDY_3914,53
1612,gene_1613,iSDY_1059.SDY_3959,377
1613,gene_1614,iSDY_1059.SDY_3968,109
1614,gene_1615,iSDY_1059.SDY_4016,593
1615,gene_1616,iSDY_1059.SDY_4017,56
1616,gene_1617,iSDY_1059.SDY_4070,121
1617,gene_1618,iSDY_1059.SDY_4073,176
1618,gene_1619,iSDY_1059.SDY_4085,256
1619,gene_1620,iSDY_1059.SDY_4226,295
1620,gene_1621,iSDY_1059.SDY_4256,114
1621,gene_1622,iSDY_1059.SDY_4257,400
1622,gene_1623,iSDY_1059.SDY_4412,294
1623,gene_1624,iSDY_1059.SDY_4420,57
1624,gene_1625,iSDY_1059.SDY_4649,50
1625,gene_1626,iSDY_1059.SDY_4656,67
1626,gene_1627,iSF_1195.SF0089,170
1627,gene_1628,iSF_1195.SF0122,181
1628,gene_1629,iSF_1195.SF0146,432
1629,gene_1630,iSF_1195.SF0170,105
1630,gene_1631,iSF_1195.SF0190,172
1631,gene_1632,iSF_1195.SF0252,87
1632,gene_1633,iSF_1195.SF0322,225
1633,gene_1634,iSF_1195.SF0340,251
1634,gene_1635,iSF_1195.SF0391,70
1635,gene_1636,iSF_1195.SF0538,74
1637,gene_1638,iSF_1195.SF0727,45
1638,gene_1639,iSF_1195.SF0760,239
1639,gene_1640,iSF_1195.SF0772,95
1640,gene_1641,iSF_1195.SF0776,70
1641,gene_1642,iSF_1195.SF0794,58
1642,gene_1643,iSF_1195.SF0898,912
1643,gene_1644,iSF_1195.SF0902,301
1644,gene_1645,iSF_1195.SF0903,275
1645,gene_1646,iSF_1195.SF0910,298
1646,gene_1647,iSF_1195.SF1013,52
1647,gene_1648,iSF_1195.SF1153,44
1648,gene_1649,iSF_1195.SF1209,320
1649,gene_1650,iSF_1195.SF1210,102
1650,gene_1651,iSF_1195.SF1572,354
1651,gene_1652,iSF_1195.SF1712,207
1652,gene_1653,iSF_1195.SF1860,158
1653,gene_1654,iSF_1195.SF1917,325
1654,gene_1655,iSF_1195.SF2102,412
1655,gene_1656,iSF_1195.SF2112,207
1656,gene_1657,iSF_1195.SF2312,52
1657,gene_1658,iSF_1195.SF2323,50
1659,gene_1660,iSF_1195.SF2332,186
1660,gene_1661,iSF_1195.SF2333,110
1661,gene_1662,iSF_1195.SF2367,180
1662,gene_1663,iSF_1195.SF2385,67
1663,gene_1664,iSF_1195.SF2405,328
1664,gene_1665,iSF_1195.SF2445,258
1665,gene_1666,iSF_1195.SF2466,385
1666,gene_1667,iSF_1195.SF2470,66
1667,gene_1668,iSF_1195.SF2523,122
1668,gene_1669,iSF_1195.SF2543,325
1669,gene_1670,iSF_1195.SF2598,502
1670,gene_1671,iSF_1195.SF2709,58
1671,gene_1672,iSF_1195.SF2717,59
1672,gene_1673,iSF_1195.SF2733,144
1673,gene_1674,iSF_1195.SF2775,416
1674,gene_1675,iSF_1195.SF2813,458
1675,gene_1676,iSF_1195.SF3080,73
1676,gene_1677,iSF_1195.SF3103,270
1677,gene_1678,iSF_1195.SF3129,395
1678,gene_1679,iSF_1195.SF3131,493
1679,gene_1680,iSF_1195.SF3132,528
1680,gene_1681,iSF_1195.SF3162,345
1681,gene_1682,iSF_1195.SF3236,166
1682,gene_1683,iSF_1195.SF3241,112
1683,gene_1684,iSF_1195.SF3293,89
1684,gene_1685,iSF_1195.SF3321,214
1685,gene_1686,iSF_1195.SF3378,322
1686,gene_1687,iSF_1195.SF3387,232
1688,gene_1689,iSF_1195.SF3407,243
1689,gene_1690,iSF_1195.SF3408,107
1690,gene_1691,iSF_1195.SF3422,728
1691,gene_1692,iSF_1195.SF3440,119
1692,gene_1693,iSF_1195.SF3455,419
1693,gene_1694,iSF_1195.SF3458,268
1694,gene_1695,iSF_1195.SF3627,208
1695,gene_1696,iSF_1195.SF3679,124
1696,gene_1697,iSF_1195.SF3681,174
1697,gene_1698,iSF_1195.SF3693,256
1698,gene_1699,iSF_1195.SF3811,56
1699,gene_1700,iSF_1195.SF3812,595
1700,gene_1701,iSF_1195.SF3854,109
1701,gene_1702,iSF_1195.SF3862,66
1702,gene_1703,iSF_1195.SF3863,381
1703,gene_1704,iSF_1195.SF3907,57
1704,gene_1705,iSF_1195.SF3911,44
1705,gene_1706,iSF_1195.SF3980,431
1706,gene_1707,iSF_1195.SF4064,69
1707,gene_1708,iSF_1195.SF4068,112
1708,gene_1709,iSF_1195.SF4180,294
1709,gene_1710,iSF_1195.SF4252,398
1710,gene_1711,iSF_1195.SF4253,113
1711,gene_1712,iSF_1195.SF4324,58
1712,gene_1713,iSF_1195.SF4332,293
1713,gene_1714,iSF_1195.SF4420,50
1714,gene_1715,iSF_1195.SF4427,63
1715,gene_1716,iSSON_1240.SSON_0100,172
1716,gene_1717,iSSON_1240.SSON_0133,181
1717,gene_1718,iSSON_1240.SSON_0166,433
1718,gene_1719,iSSON_1240.SSON_0192,105
1719,gene_1720,iSSON_1240.SSON_0213,175
1720,gene_1721,iSSON_1240.SSON_0334,57
1721,gene_1722,iSSON_1240.SSON_0344,87
1722,gene_1723,iSSON_1240.SSON_0362,223
1723,gene_1724,iSSON_1240.SSON_0380,245
1724,gene_1725,iSSON_1240.SSON_0434,72
1725,gene_1726,iSSON_1240.SSON_0604,265
1726,gene_1727,iSSON_1240.SSON_0709,126
1727,gene_1728,iSSON_1240.SSON_0756,45
1728,gene_1729,iSSON_1240.SSON_0789,239
1729,gene_1730,iSSON_1240.SSON_0804,96
1730,gene_1731,iSSON_1240.SSON_0808,68
1731,gene_1732,iSSON_1240.SSON_0826,59
1732,gene_1733,iSSON_1240.SSON_0904,913
1733,gene_1734,iSSON_1240.SSON_0908,301
1734,gene_1735,iSSON_1240.SSON_0909,275
1735,gene_1736,iSSON_1240.SSON_0916,298
1736,gene_1737,iSSON_1240.SSON_1035,330
1737,gene_1738,iSSON_1240.SSON_1152,46
1738,gene_1739,iSSON_1240.SSON_1242,311
1739,gene_1740,iSSON_1240.SSON_1298,158
1740,gene_1741,iSSON_1240.SSON_1409,319
1741,gene_1742,iSSON_1240.SSON_1474,208
1742,gene_1743,iSSON_1240.SSON_1476,332
1743,gene_1744,iSSON_1240.SSON_1519,308
1744,gene_1745,iSSON_1240.SSON_1607,347
1745,gene_1746,iSSON_1240.SSON_1636,94
1746,gene_1747,iSSON_1240.SSON_1696,98
1747,gene_1748,iSSON_1240.SSON_1971,102
1748,gene_1749,iSSON_1240.SSON_1972,320
1749,gene_1750,iSSON_1240.SSON_2102,208
1750,gene_1751,iSSON_1240.SSON_2290,52
1751,gene_1752,iSSON_1240.SSON_2302,50
1752,gene_1753,iSSON_1240.SSON_2312,38
1753,gene_1754,iSSON_1240.SSON_2314,192
1754,gene_1755,iSSON_1240.SSON_2315,110
1755,gene_1756,iSSON_1240.SSON_2348,181
1756,gene_1757,iSSON_1240.SSON_2367,72
1757,gene_1758,iSSON_1240.SSON_2387,329
1758,gene_1759,iSSON_1240.SSON_2470,256
1759,gene_1760,iSSON_1240.SSON_2500,312
1760,gene_1761,iSSON_1240.SSON_2504,66
1761,gene_1762,iSSON_1240.SSON_2511,259
1762,gene_1763,iSSON_1240.SSON_2561,122
1763,gene_1764,iSSON_1240.SSON_2581,325
1764,gene_1765,iSSON_1240.SSON_2634,501
1765,gene_1766,iSSON_1240.SSON_2826,57
1766,gene_1767,iSSON_1240.SSON_2834,58
1767,gene_1768,iSSON_1240.SSON_2854,144
1768,gene_1769,iSSON_1240.SSON_2900,416
1769,gene_1770,iSSON_1240.SSON_2956,464
1770,gene_1771,iSSON_1240.SSON_3025,293
1771,gene_1772,iSSON_1240.SSON_3177,73
1772,gene_1773,iSSON_1240.SSON_3199,267
1773,gene_1774,iSSON_1240.SSON_3242,392
1774,gene_1775,iSSON_1240.SSON_3244,494
1775,gene_1776,iSSON_1240.SSON_3245,527
1776,gene_1777,iSSON_1240.SSON_3280,343
1777,gene_1778,iSSON_1240.SSON_3344,169
1778,gene_1779,iSSON_1240.SSON_3349,112
1779,gene_1780,iSSON_1240.SSON_3396,89
1780,gene_1781,iSSON_1240.SSON_3430,216
1781,gene_1782,iSSON_1240.SSON_3490,324
1782,gene_1783,iSSON_1240.SSON_3499,232
1783,gene_1784,iSSON_1240.SSON_3502,99
1785,gene_1786,iSSON_1240.SSON_3520,243
1786,gene_1787,iSSON_1240.SSON_3521,107
1787,gene_1788,iSSON_1240.SSON_3534,728
1788,gene_1789,iSSON_1240.SSON_3549,119
1789,gene_1790,iSSON_1240.SSON_3672,421
1790,gene_1791,iSSON_1240.SSON_3678,278
1791,gene_1792,iSSON_1240.SSON_3752,256
1792,gene_1793,iSSON_1240.SSON_3764,169
1793,gene_1794,iSSON_1240.SSON_3766,119
1794,gene_1795,iSSON_1240.SSON_3782,60
1795,gene_1796,iSSON_1240.SSON_3887,595
1796,gene_1797,iSSON_1240.SSON_3888,56
1797,gene_1798,iSSON_1240.SSON_3952,109
1799,gene_1800,iSSON_1240.SSON_3961,377
1800,gene_1801,iSSON_1240.SSON_4003,53
1801,gene_1802,iSSON_1240.SSON_4008,44
1802,gene_1803,iSSON_1240.SSON_4073,434
1803,gene_1804,iSSON_1240.SSON_4086,327
1804,gene_1805,iSSON_1240.SSON_4095,629
1805,gene_1806,iSSON_1240.SSON_4165,68
1806,gene_1807,iSSON_1240.SSON_4169,112
1807,gene_1808,iSSON_1240.SSON_4203,295
1808,gene_1809,iSSON_1240.SSON_4354,57
1809,gene_1810,iSSON_1240.SSON_4362,294
1810,gene_1811,iSSON_1240.SSON_4418,113
1811,gene_1812,iSSON_1240.SSON_4419,400
1812,gene_1813,iSSON_1240.SSON_4451,239
1813,gene_1814,iSSON_1240.SSON_4538,50
1814,gene_1815,iSSON_1240.SSON_4545,68
1815,gene_1816,iSbBS512_1146.SbBS512_E0085,172
1816,gene_1817,iSbBS512_1146.SbBS512_E0118,181
1817,gene_1818,iSbBS512_1146.SbBS512_E0146,436
1818,gene_1819,iSbBS512_1146.SbBS512_E0173,105
1819,gene_1820,iSbBS512_1146.SbBS512_E0193,175
1820,gene_1821,iSbBS512_1146.SbBS512_E0269,52
1821,gene_1822,iSbBS512_1146.SbBS512_E0279,88
1822,gene_1823,iSbBS512_1146.SbBS512_E0302,102
1823,gene_1824,iSbBS512_1146.SbBS512_E0303,222
1824,gene_1825,iSbBS512_1146.SbBS512_E0369,72
1825,gene_1826,iSbBS512_1146.SbBS512_E0599,265
1826,gene_1827,iSbBS512_1146.SbBS512_E0678,124
1827,gene_1828,iSbBS512_1146.SbBS512_E0687,73
1828,gene_1829,iSbBS512_1146.SbBS512_E1183,208
1829,gene_1830,iSbBS512_1146.SbBS512_E1194,418
1830,gene_1831,iSbBS512_1146.SbBS512_E1312,46
1831,gene_1832,iSbBS512_1146.SbBS512_E1370,317
1832,gene_1833,iSbBS512_1146.SbBS512_E1371,100
1834,gene_1835,iSbBS512_1146.SbBS512_E1829,306
1835,gene_1836,iSbBS512_1146.SbBS512_E1881,331
1836,gene_1837,iSbBS512_1146.SbBS512_E1995,316
1837,gene_1838,iSbBS512_1146.SbBS512_E2125,158
1838,gene_1839,iSbBS512_1146.SbBS512_E2169,324
1839,gene_1840,iSbBS512_1146.SbBS512_E2302,328
1840,gene_1841,iSbBS512_1146.SbBS512_E2410,304
1841,gene_1842,iSbBS512_1146.SbBS512_E2420,276
1842,gene_1843,iSbBS512_1146.SbBS512_E2421,300
1843,gene_1844,iSbBS512_1146.SbBS512_E2425,912
1844,gene_1845,iSbBS512_1146.SbBS512_E2504,60
1845,gene_1846,iSbBS512_1146.SbBS512_E2522,70
1846,gene_1847,iSbBS512_1146.SbBS512_E2526,95
1847,gene_1848,iSbBS512_1146.SbBS512_E2539,240
1848,gene_1849,iSbBS512_1146.SbBS512_E2575,45
1849,gene_1850,iSbBS512_1146.SbBS512_E2607,52
1850,gene_1851,iSbBS512_1146.SbBS512_E2623,50
1851,gene_1852,iSbBS512_1146.SbBS512_E2667,177
1852,gene_1853,iSbBS512_1146.SbBS512_E2687,72
1853,gene_1854,iSbBS512_1146.SbBS512_E2707,325
1854,gene_1855,iSbBS512_1146.SbBS512_E2748,257
1855,gene_1856,iSbBS512_1146.SbBS512_E2765,67
1856,gene_1857,iSbBS512_1146.SbBS512_E2794,257
1857,gene_1858,iSbBS512_1146.SbBS512_E2852,122
1858,gene_1859,iSbBS512_1146.SbBS512_E2873,325
1859,gene_1860,iSbBS512_1146.SbBS512_E2916,502
1860,gene_1861,iSbBS512_1146.SbBS512_E3122,414
1861,gene_1862,iSbBS512_1146.SbBS512_E3167,140
1862,gene_1863,iSbBS512_1146.SbBS512_E3194,57
1863,gene_1864,iSbBS512_1146.SbBS512_E3233,347
1864,gene_1865,iSbBS512_1146.SbBS512_E3287,89
1865,gene_1866,iSbBS512_1146.SbBS512_E3525,393
1866,gene_1867,iSbBS512_1146.SbBS512_E3527,497
1867,gene_1868,iSbBS512_1146.SbBS512_E3528,526
1868,gene_1869,iSbBS512_1146.SbBS512_E3569,112
1869,gene_1870,iSbBS512_1146.SbBS512_E3574,169
1870,gene_1871,iSbBS512_1146.SbBS512_E3674,217
1871,gene_1872,iSbBS512_1146.SbBS512_E3735,321
1872,gene_1873,iSbBS512_1146.SbBS512_E3744,233
1873,gene_1874,iSbBS512_1146.SbBS512_E3748,99
1874,gene_1875,iSbBS512_1146.SbBS512_E3766,241
1875,gene_1876,iSbBS512_1146.SbBS512_E3767,105
1876,gene_1877,iSbBS512_1146.SbBS512_E3782,728
1877,gene_1878,iSbBS512_1146.SbBS512_E3798,508
1878,gene_1879,iSbBS512_1146.SbBS512_E3889,276
1879,gene_1880,iSbBS512_1146.SbBS512_E3892,415
1880,gene_1881,iSbBS512_1146.SbBS512_E4004,204
1881,gene_1882,iSbBS512_1146.SbBS512_E4050,60
1882,gene_1883,iSbBS512_1146.SbBS512_E4065,121
1883,gene_1884,iSbBS512_1146.SbBS512_E4067,172
1884,gene_1885,iSbBS512_1146.SbBS512_E4104,256
1885,gene_1886,iSbBS512_1146.SbBS512_E4132,381
1886,gene_1887,iSbBS512_1146.SbBS512_E4140,109
1887,gene_1888,iSbBS512_1146.SbBS512_E4189,595
1888,gene_1889,iSbBS512_1146.SbBS512_E4190,57
1889,gene_1890,iSbBS512_1146.SbBS512_E4295,57
1890,gene_1891,iSbBS512_1146.SbBS512_E4305,44
1891,gene_1892,iSbBS512_1146.SbBS512_E4397,326
1892,gene_1893,iSbBS512_1146.SbBS512_E4408,627
1893,gene_1894,iSbBS512_1146.SbBS512_E4487,112
1894,gene_1895,iSbBS512_1146.SbBS512_E4530,139
1896,gene_1897,iSbBS512_1146.SbBS512_E4708,292
1897,gene_1898,iSbBS512_1146.SbBS512_E4846,400
1898,gene_1899,iSbBS512_1146.SbBS512_E4847,114
1899,gene_1900,iSbBS512_1146.SbBS512_E4935,50
1900,gene_1901,iSbBS512_1146.SbBS512_E4944,69
1901,gene_1902,iSynCJ816.SGL_RS02240,181
1902,gene_1903,iSynCJ816.SGL_RS02245,82
1903,gene_1904,iSynCJ816.SGL_RS02305,402
1904,gene_1905,iSynCJ816.SGL_RS02635,57
1905,gene_1906,iSynCJ816.SGL_RS02645,140
1906,gene_1907,iSynCJ816.SGL_RS02675,598
1907,gene_1908,iSynCJ816.SGL_RS02895,546
1908,gene_1909,iSynCJ816.SGL_RS02940,47
1909,gene_1910,iSynCJ816.SGL_RS03010,401
1910,gene_1911,iSynCJ816.SGL_RS03075,107
1911,gene_1912,iSynCJ816.SGL_RS04160,1588
1912,gene_1913,iSynCJ816.SGL_RS04625,82
1913,gene_1914,iSynCJ816.SGL_RS04690,485
1914,gene_1915,iSynCJ816.SGL_RS05125,56
1915,gene_1916,iSynCJ816.SGL_RS05435,42
1916,gene_1917,iSynCJ816.SGL_RS05565,138
1917,gene_1918,iSynCJ816.SGL_RS05660,674
1918,gene_1919,iSynCJ816.SGL_RS05665,421
1919,gene_1920,iSynCJ816.SGL_RS05700,285
1920,gene_1921,iSynCJ816.SGL_RS05885,280
1921,gene_1922,iSynCJ816.SGL_RS06190,350
1922,gene_1923,iSynCJ816.SGL_RS06370,330
1923,gene_1924,iSynCJ816.SGL_RS06580,150
1924,gene_1925,iSynCJ816.SGL_RS06730,82
1925,gene_1926,iSynCJ816.SGL_RS06895,763
1926,gene_1927,iSynCJ816.SGL_RS07090,182
1927,gene_1928,iSynCJ816.SGL_RS07100,782
1928,gene_1929,iSynCJ816.SGL_RS07160,271
1929,gene_1930,iSynCJ816.SGL_RS07245,108
1930,gene_1931,iSynCJ816.SGL_RS08250,166
1931,gene_1932,iSynCJ816.SGL_RS08755,108
1932,gene_1933,iSynCJ816.SGL_RS08770,43
1933,gene_1934,iSynCJ816.SGL_RS09225,92
1934,gene_1935,iSynCJ816.SGL_RS09310,42
1935,gene_1936,iSynCJ816.SGL_RS09325,233
1936,gene_1937,iSynCJ816.SGL_RS09590,371
1937,gene_1938,iSynCJ816.SGL_RS09600,251
1938,gene_1939,iSynCJ816.SGL_RS09640,123
1939,gene_1940,iSynCJ816.SGL_RS09950,218
1940,gene_1941,iSynCJ816.SGL_RS10250,298
1941,gene_1942,iSynCJ816.SGL_RS10355,101
1942,gene_1943,iSynCJ816.SGL_RS10925,555
1943,gene_1944,iSynCJ816.SGL_RS10930,788
1944,gene_1945,iSynCJ816.SGL_RS11365,66
1945,gene_1946,iSynCJ816.SGL_RS11685,53
1946,gene_1947,iSynCJ816.SGL_RS11925,671
1947,gene_1948,iSynCJ816.SGL_RS12820,663
1948,gene_1949,iSynCJ816.SGL_RS13390,437
1949,gene_1950,iSynCJ816.SGL_RS13490,269
1951,gene_1952,iSynCJ816.SGL_RS13580,50
1952,gene_1953,iSynCJ816.SGL_RS13805,447
1953,gene_1954,iSynCJ816.SGL_RS13810,39
1954,gene_1955,iSynCJ816.SGL_RS13880,213
1955,gene_1956,iSynCJ816.SGL_RS13900,62
1956,gene_1957,iSynCJ816.SGL_RS14120,264
1957,gene_1958,iSynCJ816.SGL_RS14425,101
1958,gene_1959,iSynCJ816.SGL_RS14865,226
1959,gene_1960,iSynCJ816.SGL_RS14875,77
1960,gene_1961,iSynCJ816.SGL_RS14955,138
1961,gene_1962,iSynCJ816.SGL_RS15225,163
1962,gene_1963,iSynCJ816.SGL_RS15265,362
1963,gene_1964,iSynCJ816.SGL_RS15325,299
1965,gene_1966,iSynCJ816.SGL_RS16080,45
1966,gene_1967,iSynCJ816.SGL_RS16100,578
1967,gene_1968,iSynCJ816.SGL_RS16185,77
1968,gene_1969,iSynCJ816.SGL_RS16585,61
1969,gene_1970,iSynCJ816.SGL_RS16740,463
1970,gene_1971,iSynCJ816.SGL_RS17160,272
1971,gene_1972,iSynCJ816.SGL_RS17200,218
1972,gene_1973,iSynCJ816.SGL_RS17215,405
1973,gene_1974,iSynCJ816.SGL_RS17655,42
1974,gene_1975,iSynCJ816.SGL_RS18015,339
1975,gene_1976,iYL1228.KPN_00030,348
1976,gene_1977,iYL1228.KPN_00075,159
1977,gene_1978,iYL1228.KPN_00133,186
1978,gene_1979,iYL1228.KPN_00169,429
1979,gene_1980,iYL1228.KPN_00193,107
1980,gene_1981,iYL1228.KPN_00213,175
1981,gene_1982,iYL1228.KPN_00312,66
1982,gene_1983,iYL1228.KPN_00329,223
1983,gene_1984,iYL1228.KPN_00332,102
1984,gene_1985,iYL1228.KPN_00344,236
1985,gene_1986,iYL1228.KPN_00408,74
1986,gene_1987,iYL1228.KPN_00645,245
1987,gene_1988,iYL1228.KPN_00771,119
1988,gene_1989,iYL1228.KPN_00773,415
1989,gene_1990,iYL1228.KPN_00792,53
1990,gene_1991,iYL1228.KPN_00838,247
1991,gene_1992,iYL1228.KPN_00856,105
1992,gene_1993,iYL1228.KPN_00925,242
1993,gene_1994,iYL1228.KPN_00931,908
1994,gene_1995,iYL1228.KPN_00935,298
1995,gene_1996,iYL1228.KPN_00936,275
1996,gene_1997,iYL1228.KPN_00937,160
1997,gene_1998,iYL1228.KPN_00941,302
1998,gene_1999,iYL1228.KPN_01042,331
1999,gene_2000,iYL1228.KPN_01142,43
2000,gene_2001,iYL1228.KPN_01640,345
2001,gene_2002,iYL1228.KPN_01975,301
2002,gene_2003,iYL1228.KPN_02061,139
2003,gene_2004,iYL1228.KPN_02238,96
2004,gene_2005,iYL1228.KPN_02365,156
2005,gene_2006,iYL1228.KPN_02388,327
2006,gene_2007,iYL1228.KPN_02455,192
2007,gene_2008,iYL1228.KPN_02490,395
2008,gene_2009,iYL1228.KPN_02491,68
2009,gene_2010,iYL1228.KPN_02496,395
2010,gene_2011,iYL1228.KPN_02497,369
2011,gene_2012,iYL1228.KPN_02641,49
2012,gene_2013,iYL1228.KPN_02647,53
2013,gene_2014,iYL1228.KPN_02681,182
2014,gene_2015,iYL1228.KPN_02719,326
2015,gene_2016,iYL1228.KPN_02758,313
2017,gene_2018,iYL1228.KPN_02770,258
2018,gene_2019,iYL1228.KPN_02814,121
2019,gene_2020,iYL1228.KPN_02824,329
2020,gene_2021,iYL1228.KPN_02876,498
2021,gene_2022,iYL1228.KPN_03016,493
2022,gene_2023,iYL1228.KPN_03045,136
2023,gene_2024,iYL1228.KPN_03113,363
2024,gene_2025,iYL1228.KPN_03114,415
2025,gene_2026,iYL1228.KPN_03123,461
2026,gene_2027,iYL1228.KPN_03150,439
2027,gene_2028,iYL1228.KPN_03491,203
2028,gene_2029,iYL1228.KPN_03517,396
2029,gene_2030,iYL1228.KPN_03519,485
2030,gene_2031,iYL1228.KPN_03520,522
2031,gene_2032,iYL1228.KPN_03537,344
2032,gene_2033,iYL1228.KPN_03606,176
2033,gene_2034,iYL1228.KPN_03639,283
2034,gene_2035,iYL1228.KPN_03640,461
2036,gene_2037,iYL1228.KPN_03690,213
2037,gene_2038,iYL1228.KPN_03745,323
2038,gene_2039,iYL1228.KPN_03746,210
2039,gene_2040,iYL1228.KPN_03754,233
2040,gene_2041,iYL1228.KPN_03760,242
2041,gene_2042,iYL1228.KPN_03761,108
2042,gene_2043,iYL1228.KPN_03773,721
2043,gene_2044,iYL1228.KPN_03779,43
2044,gene_2045,iYL1228.KPN_03794,506
2045,gene_2046,iYL1228.KPN_03798,402
2046,gene_2047,iYL1228.KPN_03800,274
2047,gene_2048,iYL1228.KPN_03846,106
2048,gene_2049,iYL1228.KPN_03847,176
2049,gene_2050,iYL1228.KPN_03980,124
2050,gene_2051,iYL1228.KPN_03983,169
2051,gene_2052,iYL1228.KPN_04008,325
2052,gene_2053,iYL1228.KPN_04011,629
2053,gene_2054,iYL1228.KPN_04012,261
2054,gene_2055,iYL1228.KPN_04136,57
2055,gene_2056,iYL1228.KPN_04137,592
2056,gene_2057,iYL1228.KPN_04212,430
2057,gene_2058,iYL1228.KPN_04282,108
2058,gene_2059,iYL1228.KPN_04289,379
2059,gene_2060,iYL1228.KPN_04329,45
2060,gene_2061,iYL1228.KPN_04374,68
2061,gene_2062,iYL1228.KPN_04378,113
2062,gene_2063,iYL1228.KPN_04413,142
2065,gene_2066,iYL1228.KPN_04576,294
2066,gene_2067,iYL1228.KPN_04645,114
2067,gene_2068,iYL1228.KPN_04646,406
2069,gene_2070,iYL1228.KPN_04675,60
2070,gene_2071,iYL1228.KPN_04843,51
2071,gene_2072,iYL1228.KPN_04850,65
2072,gene_2073,iYO844.BSU00090,629
2073,gene_2074,iYO844.BSU00110,372
2074,gene_2075,iYO844.BSU00180,177
2075,gene_2076,iYO844.BSU00460,246
2076,gene_2077,iYO844.BSU00730,350
2077,gene_2078,iYO844.BSU00750,227
2078,gene_2079,iYO844.BSU00930,174
2079,gene_2080,iYO844.BSU01370,241
2080,gene_2081,iYO844.BSU01530,123
2081,gene_2082,iYO844.BSU01770,402
2082,gene_2083,iYO844.BSU02130,104
2083,gene_2084,iYO844.BSU02350,137
2084,gene_2085,iYO844.BSU02750,141
2085,gene_2086,iYO844.BSU02860,79
2086,gene_2087,iYO844.BSU03050,289
2087,gene_2088,iYO844.BSU03220,327
2088,gene_2089,iYO844.BSU03590,258
2089,gene_2090,iYO844.BSU04570,308
2090,gene_2091,iYO844.BSU05340,80
2091,gene_2092,iYO844.BSU06160,76
2092,gene_2093,iYO844.BSU06490,437
2093,gene_2094,iYO844.BSU06500,357
2094,gene_2095,iYO844.BSU06660,333
2095,gene_2096,iYO844.BSU06970,41
2097,gene_2098,iYO844.BSU09240,98
2098,gene_2099,iYO844.BSU09290,636
2099,gene_2100,iYO844.BSU09310,559
2100,gene_2101,iYO844.BSU10020,307
2101,gene_2102,iYO844.BSU10270,242
2102,gene_2103,iYO844.BSU11340,451
2103,gene_2104,iYO844.BSU11670,91
2104,gene_2105,iYO844.BSU12020,195
2105,gene_2106,iYO844.BSU12300,500
2106,gene_2107,iYO844.BSU12380,350
2107,gene_2108,iYO844.BSU12390,528
2108,gene_2109,iYO844.BSU13130,393
2109,gene_2110,iYO844.BSU13300,180
2110,gene_2111,iYO844.BSU13900,65
2111,gene_2112,iYO844.BSU13910,414
2112,gene_2113,iYO844.BSU14510,158
2113,gene_2114,iYO844.BSU14630,429
2114,gene_2115,iYO844.BSU15020,171
2115,gene_2116,iYO844.BSU15520,1195
2116,gene_2117,iYO844.BSU15530,170
2117,gene_2118,iYO844.BSU15540,309
2118,gene_2119,iYO844.BSU15680,186
2119,gene_2120,iYO844.BSU15720,146
2120,gene_2121,iYO844.BSU15790,218
2121,gene_2122,iYO844.BSU15860,218
2122,gene_2123,iYO844.BSU15900,198
2123,gene_2124,iYO844.BSU15910,257
2124,gene_2125,iYO844.BSU16510,199
2125,gene_2126,iYO844.BSU17410,91
2126,gene_2127,iYO844.BSU17460,573
2127,gene_2128,iYO844.BSU17890,734
2128,gene_2129,iYO844.BSU18440,493
2129,gene_2130,iYO844.BSU18450,1547
2130,gene_2131,iYO844.BSU21870,350
2131,gene_2132,iYO844.BSU21910,333
2132,gene_2133,iYO844.BSU22070,168
2133,gene_2134,iYO844.BSU22440,207
2134,gene_2135,iYO844.BSU22480,136
2135,gene_2136,iYO844.BSU22610,141
2136,gene_2137,iYO844.BSU22640,472
2137,gene_2138,iYO844.BSU22680,301
2138,gene_2139,iYO844.BSU22780,152
2139,gene_2140,iYO844.BSU22830,313
2140,gene_2141,iYO844.BSU22890,173
2141,gene_2142,iYO844.BSU23500,421
2142,gene_2143,iYO844.BSU23580,282
2143,gene_2144,iYO844.BSU23610,123
2144,gene_2145,iYO844.BSU23920,303
2145,gene_2146,iYO844.BSU23960,295
2146,gene_2147,iYO844.BSU23980,68
2147,gene_2148,iYO844.BSU24340,491
2148,gene_2149,iYO844.BSU24350,94
2149,gene_2150,iYO844.BSU24850,233
2150,gene_2151,iYO844.BSU25070,399
2151,gene_2152,iYO844.BSU25660,160
2152,gene_2153,iYO844.BSU26600,41
2153,gene_2154,iYO844.BSU26810,221
2154,gene_2155,iYO844.BSU27600,696
2155,gene_2156,iYO844.BSU27610,182
2156,gene_2157,iYO844.BSU27910,105
2157,gene_2158,iYO844.BSU28120,464
2158,gene_2159,iYO844.BSU28130,391
2159,gene_2160,iYO844.BSU28150,239
2160,gene_2161,iYO844.BSU28170,190
2161,gene_2162,iYO844.BSU28270,365
2162,gene_2163,iYO844.BSU28730,105
2163,gene_2164,iYO844.BSU28740,78
2164,gene_2165,iYO844.BSU29050,280
2165,gene_2166,iYO844.BSU29060,118
2166,gene_2167,iYO844.BSU29180,426
2167,gene_2168,iYO844.BSU29200,263
2168,gene_2169,iYO844.BSU29210,247
2169,gene_2170,iYO844.BSU29220,423
2170,gene_2171,iYO844.BSU29440,474
2171,gene_2172,iYO844.BSU30280,80
2172,gene_2173,iYO844.BSU30410,43
2173,gene_2174,iYO844.BSU30420,176
2174,gene_2175,iYO844.BSU30450,150
2175,gene_2176,iYO844.BSU30550,543
2176,gene_2177,iYO844.BSU30790,75
2177,gene_2178,iYO844.BSU30940,765
2178,gene_2179,iYO844.BSU30970,378
2179,gene_2180,iYO844.BSU31180,465
2180,gene_2181,iYO844.BSU31200,362
2181,gene_2182,iYO844.BSU31322,53
2182,gene_2183,iYO844.BSU31400,400
2183,gene_2184,iYO844.BSU32260,345
2184,gene_2185,iYO844.BSU32750,161
2185,gene_2186,iYO844.BSU33160,84
2186,gene_2187,iYO844.BSU33240,45
2187,gene_2188,iYO844.BSU33400,270
2188,gene_2189,iYO844.BSU33490,618
2189,gene_2190,iYO844.BSU33500,45
2190,gene_2191,iYO844.BSU33900,514
2191,gene_2192,iYO844.BSU33920,242
2192,gene_2193,iYO844.BSU34660,324
2193,gene_2194,iYO844.BSU34870,303
2194,gene_2195,iYO844.BSU34880,213
2195,gene_2196,iYO844.BSU34900,201
2196,gene_2197,iYO844.BSU34910,440
2197,gene_2198,iYO844.BSU35010,247
2198,gene_2199,iYO844.BSU35550,70
2199,gene_2200,iYO844.BSU35620,89
2200,gene_2201,iYO844.BSU35670,47
2201,gene_2202,iYO844.BSU35680,93
2203,gene_2204,iYO844.BSU35700,192
2204,gene_2205,iYO844.BSU35790,225
2205,gene_2206,iYO844.BSU35940,95
2206,gene_2207,iYO844.BSU36370,167
2208,gene_2209,iYO844.BSU36810,645
2209,gene_2210,iYO844.BSU36820,200
2210,gene_2211,iYO844.BSU36830,602
2211,gene_2212,iYO844.BSU36840,79
2212,gene_2213,iYO844.BSU36890,268
2213,gene_2214,iYO844.BSU36900,487
2214,gene_2215,iYO844.BSU37100,419
2215,gene_2216,iYO844.BSU37120,286
2216,gene_2217,iYO844.BSU37150,689
2218,gene_2219,iYO844.BSU38500,207
2219,gene_2220,iYO844.BSU38860,410
2220,gene_2221,iYO844.BSU39270,138
2221,gene_2222,iYO844.BSU39400,462
2222,gene_2223,iYO844.BSU39420,212
2223,gene_2224,iYO844.BSU39540,176
2224,gene_2225,iYO844.BSU39670,284
2225,gene_2226,iYO844.BSU39750,172
2226,gene_2227,iYO844.BSU40420,342
2227,gene_2228,iYS854.USA300HOU_RS00045,248
2228,gene_2229,iYS854.USA300HOU_RS00085,291
2229,gene_2230,iYS854.USA300HOU_RS00150,103
2230,gene_2231,iYS854.USA300HOU_RS00310,381
2232,gene_2233,iYS854.USA300HOU_RS00720,251
2233,gene_2234,iYS854.USA300HOU_RS00730,219
2234,gene_2235,iYS854.USA300HOU_RS01000,131
2235,gene_2236,iYS854.USA300HOU_RS01090,412
2236,gene_2237,iYS854.USA300HOU_RS01150,959
2237,gene_2238,iYS854.USA300HOU_RS01165,113
2238,gene_2239,iYS854.USA300HOU_RS01245,274
2239,gene_2240,iYS854.USA300HOU_RS01340,65
2240,gene_2241,iYS854.USA300HOU_RS01730,101
2241,gene_2242,iYS854.USA300HOU_RS01735,40
2242,gene_2243,iYS854.USA300HOU_RS02065,593
2243,gene_2244,iYS854.USA300HOU_RS02070,88
2244,gene_2245,iYS854.USA300HOU_RS02615,170
2245,gene_2246,iYS854.USA300HOU_RS02630,343
2246,gene_2247,iYS854.USA300HOU_RS02655,526
2247,gene_2248,iYS854.USA300HOU_RS02730,352
2248,gene_2249,iYS854.USA300HOU_RS02785,177
2249,gene_2250,iYS854.USA300HOU_RS03000,102
2250,gene_2251,iYS854.USA300HOU_RS03790,262
2251,gene_2252,iYS854.USA300HOU_RS03880,45
2252,gene_2253,iYS854.USA300HOU_RS03900,96
2253,gene_2254,iYS854.USA300HOU_RS03935,263
2254,gene_2255,iYS854.USA300HOU_RS03980,150
2255,gene_2256,iYS854.USA300HOU_RS04050,117
2256,gene_2257,iYS854.USA300HOU_RS04115,250
2257,gene_2258,iYS854.USA300HOU_RS04185,392
2258,gene_2259,iYS854.USA300HOU_RS04205,493
2259,gene_2260,iYS854.USA300HOU_RS04405,162
2260,gene_2261,iYS854.USA300HOU_RS04515,212
2261,gene_2262,iYS854.USA300HOU_RS04520,82
2262,gene_2263,iYS854.USA300HOU_RS04525,363
2263,gene_2264,iYS854.USA300HOU_RS04530,90
2264,gene_2265,iYS854.USA300HOU_RS04535,455
2265,gene_2266,iYS854.USA300HOU_RS04620,214
2266,gene_2267,iYS854.USA300HOU_RS04765,474
2267,gene_2268,iYS854.USA300HOU_RS05000,187
2268,gene_2269,iYS854.USA300HOU_RS05240,47
2269,gene_2270,iYS854.USA300HOU_RS05255,96
2270,gene_2271,iYS854.USA300HOU_RS05395,67
2272,gene_2273,iYS854.USA300HOU_RS05420,162
2273,gene_2274,iYS854.USA300HOU_RS05485,98
2274,gene_2275,iYS854.USA300HOU_RS05725,67
2275,gene_2276,iYS854.USA300HOU_RS05760,163
2276,gene_2277,iYS854.USA300HOU_RS05860,377
2277,gene_2278,iYS854.USA300HOU_RS05940,82
2278,gene_2279,iYS854.USA300HOU_RS06015,307
2279,gene_2280,iYS854.USA300HOU_RS06045,1157
2280,gene_2281,iYS854.USA300HOU_RS06075,194
2281,gene_2282,iYS854.USA300HOU_RS06125,154
2282,gene_2283,iYS854.USA300HOU_RS06130,217
2283,gene_2284,iYS854.USA300HOU_RS06135,176
2284,gene_2285,iYS854.USA300HOU_RS06160,434
2285,gene_2286,iYS854.USA300HOU_RS06175,186
2286,gene_2287,iYS854.USA300HOU_RS06185,255
2287,gene_2288,iYS854.USA300HOU_RS06195,73
2288,gene_2289,iYS854.USA300HOU_RS06340,192
2289,gene_2290,iYS854.USA300HOU_RS06350,241
2290,gene_2291,iYS854.USA300HOU_RS06405,215
2291,gene_2292,iYS854.USA300HOU_RS06465,67
2292,gene_2293,iYS854.USA300HOU_RS06545,629
2293,gene_2294,iYS854.USA300HOU_RS06590,563
2294,gene_2295,iYS854.USA300HOU_RS06700,80
2295,gene_2296,iYS854.USA300HOU_RS06830,671
2296,gene_2297,iYS854.USA300HOU_RS06875,89
2297,gene_2298,iYS854.USA300HOU_RS06885,102
2298,gene_2299,iYS854.USA300HOU_RS06950,144
2299,gene_2300,iYS854.USA300HOU_RS06985,462
2301,gene_2302,iYS854.USA300HOU_RS07285,126
2302,gene_2303,iYS854.USA300HOU_RS07520,60
2303,gene_2304,iYS854.USA300HOU_RS07570,160
2304,gene_2305,iYS854.USA300HOU_RS07595,253
2305,gene_2306,iYS854.USA300HOU_RS07985,51
2306,gene_2307,iYS854.USA300HOU_RS08015,122
2307,gene_2308,iYS854.USA300HOU_RS08160,85
2308,gene_2309,iYS854.USA300HOU_RS08305,79
2309,gene_2310,iYS854.USA300HOU_RS08350,326
2310,gene_2311,iYS854.USA300HOU_RS08675,449
2311,gene_2312,iYS854.USA300HOU_RS08695,652
2312,gene_2313,iYS854.USA300HOU_RS08700,189
2313,gene_2314,iYS854.USA300HOU_RS08720,375
2314,gene_2315,iYS854.USA300HOU_RS08725,433
2315,gene_2316,iYS854.USA300HOU_RS08835,385
2316,gene_2317,iYS854.USA300HOU_RS08855,176
2317,gene_2318,iYS854.USA300HOU_RS08915,655
2318,gene_2319,iYS854.USA300HOU_RS08945,112
2319,gene_2320,iYS854.USA300HOU_RS09005,423
2320,gene_2321,iYS854.USA300HOU_RS09015,246
2321,gene_2322,iYS854.USA300HOU_RS09020,263
2322,gene_2323,iYS854.USA300HOU_RS09025,427
2323,gene_2324,iYS854.USA300HOU_RS09130,107
2324,gene_2325,iYS854.USA300HOU_RS09175,317
2325,gene_2326,iYS854.USA300HOU_RS09195,669
2326,gene_2327,iYS854.USA300HOU_RS09310,204
2327,gene_2328,iYS854.USA300HOU_RS09315,125
2328,gene_2329,iYS854.USA300HOU_RS09335,880
2329,gene_2330,iYS854.USA300HOU_RS09385,212
2330,gene_2331,iYS854.USA300HOU_RS09415,73
2331,gene_2332,iYS854.USA300HOU_RS09495,513
2332,gene_2333,iYS854.USA300HOU_RS09925,291
2333,gene_2334,iYS854.USA300HOU_RS09930,174
2334,gene_2335,iYS854.USA300HOU_RS10305,134
2335,gene_2336,iYS854.USA300HOU_RS10320,289
2336,gene_2337,iYS854.USA300HOU_RS10330,315
2337,gene_2338,iYS854.USA300HOU_RS10340,330
2339,gene_2340,iYS854.USA300HOU_RS11240,305
2340,gene_2341,iYS854.USA300HOU_RS11335,166
2341,gene_2342,iYS854.USA300HOU_RS11360,630
2342,gene_2343,iYS854.USA300HOU_RS11370,601
2343,gene_2344,iYS854.USA300HOU_RS11380,54
2344,gene_2345,iYS854.USA300HOU_RS11405,269
2345,gene_2346,iYS854.USA300HOU_RS11410,490
2346,gene_2347,iYS854.USA300HOU_RS11470,279
2347,gene_2348,iYS854.USA300HOU_RS11480,673
2348,gene_2349,iYS854.USA300HOU_RS11530,466
2349,gene_2350,iYS854.USA300HOU_RS11540,207
2350,gene_2351,iYS854.USA300HOU_RS11545,278
2351,gene_2352,iYS854.USA300HOU_RS11655,390
2352,gene_2353,iYS854.USA300HOU_RS12020,172
2353,gene_2354,iYS854.USA300HOU_RS12070,259
2354,gene_2355,iYS854.USA300HOU_RS12505,87
2355,gene_2356,iYS854.USA300HOU_RS12590,280
2356,gene_2357,iYS854.USA300HOU_RS12685,255
2357,gene_2358,iYS854.USA300HOU_RS13040,103
2358,gene_2359,iYS854.USA300HOU_RS13545,45
2359,gene_2360,iYS854.USA300HOU_RS13590,176
2360,gene_2361,iYS854.USA300HOU_RS14180,273
2361,gene_2362,iYS854.USA300HOU_RS14195,121
2362,gene_2363,iYS854.USA300HOU_RS14360,212
2363,gene_2364,iYS854.USA300HOU_RS14480,100
2364,gene_2365,iYS854.USA300HOU_RS14570,199
