,query_gene,BiGG_gene,score
0,gene_0,STM_v1_0.STM0047,80
1,gene_1,STM_v1_0.STM0054,369
2,gene_2,STM_v1_0.STM0101,299
3,gene_3,STM_v1_0.STM0102,515
4,gene_4,STM_v1_0.STM0106,103
5,gene_5,STM_v1_0.STM0202,455
8,gene_8,STM_v1_0.STM0659,271
9,gene_9,STM_v1_0.STM0686,637
10,gene_10,STM_v1_0.STM0774,120
11,gene_11,STM_v1_0.STM0837,40
13,gene_13,STM_v1_0.STM0878,98
14,gene_14,STM_v1_0.STM0970,210
15,gene_15,STM_v1_0.STM0984,292
16,gene_16,STM_v1_0.STM1125,367
17,gene_17,STM_v1_0.STM1209,99
18,gene_18,STM_v1_0.STM1221,99
19,gene_19,STM_v1_0.STM1449,318
20,gene_20,STM_v1_0.STM1731,60
21,gene_21,STM_v1_0.STM1780,95
22,gene_22,STM_v1_0.STM1933,212
24,gene_24,STM_v1_0.STM2047,142
25,gene_25,STM_v1_0.STM2050,60
26,gene_26,STM_v1_0.STM2051,357
28,gene_28,STM_v1_0.STM2463,387
29,gene_29,STM_v1_0.STM2662,106
30,gene_30,STM_v1_0.STM2774,144
31,gene_31,STM_v1_0.STM2809,97
32,gene_32,STM_v1_0.STM2929,197
33,gene_33,STM_v1_0.STM2976,670
34,gene_34,STM_v1_0.STM3002,93
35,gene_35,STM_v1_0.STM3103,159
36,gene_36,STM_v1_0.STM3137,488
37,gene_37,STM_v1_0.STM3351,367
38,gene_38,STM_v1_0.STM3409,206
39,gene_39,STM_v1_0.STM3481,398
40,gene_40,STM_v1_0.STM3486,229
42,gene_42,STM_v1_0.STM3534,677
43,gene_43,STM_v1_0.STM3677,261
44,gene_44,STM_v1_0.STM3733,187
45,gene_45,STM_v1_0.STM3915,98
47,gene_47,STM_v1_0.STM4298,154
48,gene_48,STM_v1_0.STM4388,281
49,gene_49,STM_v1_0.STM4451,134
50,gene_50,STM_v1_0.STM4452,329
51,gene_51,STM_v1_0.STM4483,213
52,gene_52,STM_v1_0.STM4582,87
53,gene_54,iAF692.Mbar_A0086,210
54,gene_55,iAF692.Mbar_A0171,42
55,gene_56,iAF692.Mbar_A0186,234
57,gene_58,iAF692.Mbar_A0211,443
59,gene_60,iAF692.Mbar_A0219,169
60,gene_61,iAF692.Mbar_A0227,281
62,gene_63,iAF692.Mbar_A0352,42
63,gene_64,iAF692.Mbar_A0378,48
64,gene_65,iAF692.Mbar_A0384,91
65,gene_66,iAF692.Mbar_A0385,510
66,gene_67,iAF692.Mbar_A0386,622
68,gene_69,iAF692.Mbar_A0408,81
69,gene_70,iAF692.Mbar_A0500,588
70,gene_71,iAF692.Mbar_A0666,457
71,gene_72,iAF692.Mbar_A0760,254
73,gene_74,iAF692.Mbar_A0883,445
76,gene_77,iAF692.Mbar_A1414,43
77,gene_78,iAF692.Mbar_A1452,478
78,gene_79,iAF692.Mbar_A1462,136
79,gene_80,iAF692.Mbar_A1586,531
81,gene_82,iAF692.Mbar_A1776,55
82,gene_83,iAF692.Mbar_A1781,350
83,gene_84,iAF692.Mbar_A1820,470
84,gene_85,iAF692.Mbar_A1821,350
86,gene_87,iAF692.Mbar_A2173,40
87,gene_88,iAF692.Mbar_A2221,86
89,gene_90,iAF692.Mbar_A2616,82
90,gene_91,iAF692.Mbar_A2626,77
91,gene_92,iAF692.Mbar_A3173,251
92,gene_93,iAF692.Mbar_A3175,361
93,gene_94,iAF692.Mbar_A3252,233
94,gene_95,iAF692.Mbar_A3423,329
95,gene_96,iAF692.Mbar_A3429,317
96,gene_97,iAF692.Mbar_A3463,447
97,gene_98,iAF692.Mbar_A3476,179
98,gene_99,iAF692.Mbar_A3503,477
99,gene_100,iAF692.Mbar_A3512,328
100,gene_101,iAF692.Mbar_A3721,132
101,gene_102,iAF987.Gmet_0043,103
102,gene_103,iAF987.Gmet_0058,657
103,gene_104,iAF987.Gmet_0059,211
105,gene_106,iAF987.Gmet_0067,198
106,gene_107,iAF987.Gmet_0069,87
107,gene_108,iAF987.Gmet_0073,66
108,gene_109,iAF987.Gmet_0075,467
109,gene_110,iAF987.Gmet_0189,359
110,gene_111,iAF987.Gmet_0203,311
111,gene_112,iAF987.Gmet_0204,351
113,gene_114,iAF987.Gmet_0209,540
114,gene_115,iAF987.Gmet_0213,522
115,gene_116,iAF987.Gmet_0346,396
117,gene_118,iAF987.Gmet_0383,201
118,gene_119,iAF987.Gmet_0387,173
119,gene_120,iAF987.Gmet_0388,223
120,gene_121,iAF987.Gmet_0389,319
121,gene_122,iAF987.Gmet_0406,247
122,gene_123,iAF987.Gmet_0552,347
123,gene_124,iAF987.Gmet_0608,357
124,gene_125,iAF987.Gmet_0647,208
125,gene_126,iAF987.Gmet_0662,48
126,gene_127,iAF987.Gmet_0700,195
127,gene_128,iAF987.Gmet_0769,105
128,gene_129,iAF987.Gmet_0782,204
129,gene_130,iAF987.Gmet_0819,506
130,gene_131,iAF987.Gmet_0862,169
132,gene_133,iAF987.Gmet_0880,132
133,gene_134,iAF987.Gmet_0885,144
134,gene_135,iAF987.Gmet_0928,294
135,gene_136,iAF987.Gmet_0940,758
136,gene_137,iAF987.Gmet_0941,173
137,gene_138,iAF987.Gmet_0957,218
138,gene_139,iAF987.Gmet_0976,410
139,gene_140,iAF987.Gmet_0977,91
140,gene_141,iAF987.Gmet_0978,247
141,gene_142,iAF987.Gmet_0981,156
142,gene_143,iAF987.Gmet_0987,220
143,gene_144,iAF987.Gmet_0991,142
144,gene_145,iAF987.Gmet_1162,298
145,gene_146,iAF987.Gmet_1179,106
146,gene_147,iAF987.Gmet_1186,548
147,gene_148,iAF987.Gmet_1256,362
148,gene_149,iAF987.Gmet_1261,164
149,gene_150,iAF987.Gmet_1262,411
150,gene_151,iAF987.Gmet_1306,38
151,gene_152,iAF987.Gmet_1308,301
152,gene_153,iAF987.Gmet_1353,421
153,gene_154,iAF987.Gmet_1354,612
154,gene_155,iAF987.Gmet_1357,597
155,gene_156,iAF987.Gmet_1377,90
156,gene_157,iAF987.Gmet_1392,172
157,gene_158,iAF987.Gmet_1411,521
158,gene_159,iAF987.Gmet_1416,584
159,gene_160,iAF987.Gmet_1428,376
160,gene_161,iAF987.Gmet_1442,60
161,gene_162,iAF987.Gmet_1548,45
162,gene_163,iAF987.Gmet_1558,395
163,gene_164,iAF987.Gmet_1568,293
164,gene_165,iAF987.Gmet_1599,310
165,gene_166,iAF987.Gmet_1601,256
166,gene_167,iAF987.Gmet_1603,464
167,gene_168,iAF987.Gmet_1605,566
168,gene_169,iAF987.Gmet_1614,578
170,gene_171,iAF987.Gmet_1657,75
171,gene_172,iAF987.Gmet_1706,89
172,gene_173,iAF987.Gmet_1759,176
173,gene_174,iAF987.Gmet_1762,115
175,gene_176,iAF987.Gmet_1769,323
176,gene_177,iAF987.Gmet_1770,515
177,gene_178,iAF987.Gmet_1818,475
178,gene_179,iAF987.Gmet_1825,503
179,gene_180,iAF987.Gmet_1826,180
180,gene_181,iAF987.Gmet_1827,594
181,gene_182,iAF987.Gmet_1841,301
182,gene_183,iAF987.Gmet_1842,162
183,gene_184,iAF987.Gmet_1844,342
184,gene_185,iAF987.Gmet_1875,169
185,gene_186,iAF987.Gmet_1880,173
186,gene_187,iAF987.Gmet_1888,171
187,gene_188,iAF987.Gmet_1903,281
188,gene_189,iAF987.Gmet_1914,91
189,gene_190,iAF987.Gmet_1917,60
190,gene_191,iAF987.Gmet_1919,94
191,gene_192,iAF987.Gmet_1934,565
192,gene_193,iAF987.Gmet_1939,461
193,gene_194,iAF987.Gmet_1986,206
194,gene_195,iAF987.Gmet_1991,57
196,gene_197,iAF987.Gmet_2349,317
197,gene_198,iAF987.Gmet_2372,535
198,gene_199,iAF987.Gmet_2391,345
199,gene_200,iAF987.Gmet_2399,221
200,gene_201,iAF987.Gmet_2444,49
203,gene_204,iAF987.Gmet_2559,111
204,gene_205,iAF987.Gmet_2629,208
205,gene_206,iAF987.Gmet_2638,685
206,gene_207,iAF987.Gmet_2673,347
207,gene_208,iAF987.Gmet_2767,711
209,gene_210,iAF987.Gmet_2853,394
210,gene_211,iAF987.Gmet_2904,457
211,gene_212,iAF987.Gmet_2992,295
212,gene_213,iAF987.Gmet_2999,186
213,gene_214,iAF987.Gmet_3085,212
215,gene_216,iAF987.Gmet_3203,327
216,gene_217,iAF987.Gmet_3233,138
217,gene_218,iAF987.Gmet_3239,554
218,gene_219,iAF987.Gmet_3241,51
219,gene_220,iAF987.Gmet_3259,224
220,gene_221,iAF987.Gmet_3260,353
222,gene_223,iAF987.Gmet_3339,281
224,gene_225,iAF987.Gmet_3356,471
225,gene_226,iAF987.Gmet_3406,652
226,gene_227,iAF987.Gmet_3408,572
227,gene_228,iAF987.Gmet_3470,95
228,gene_229,iAF987.Gmet_3508,46
229,gene_230,iAF987.Gmet_3529,142
230,gene_231,iAM_Pb448.PBANKA_050460,43
231,gene_232,iAM_Pb448.PBANKA_051620,53
232,gene_233,iAM_Pb448.PBANKA_071570,48
233,gene_234,iAM_Pb448.PBANKA_083440,150
234,gene_235,iAM_Pb448.PBANKA_091170,97
235,gene_236,iAM_Pb448.PBANKA_100380,501
236,gene_237,iAM_Pb448.PBANKA_110710,142
238,gene_239,iAM_Pb448.PBANKA_113700,117
239,gene_240,iAM_Pb448.PBANKA_134030,96
240,gene_241,iAM_Pb448.PBANKA_145030,633
241,gene_242,iAM_Pb448.PBANKA_146280,103
242,gene_243,iAM_Pc455.PCYB_031390,501
243,gene_244,iAM_Pc455.PCYB_052680,53
244,gene_245,iAM_Pc455.PCYB_074100,152
245,gene_246,iAM_Pc455.PCYB_094280,101
247,gene_248,iAM_Pc455.PCYB_111980,115
248,gene_249,iAM_Pc455.PCYB_113330,117
249,gene_250,iAM_Pc455.PCYB_123770,97
250,gene_251,iAM_Pc455.PCYB_133630,65
251,gene_252,iAM_Pc455.PCYB_146140,634
252,gene_253,iAM_Pc455.PCYB_147430,105
254,gene_255,iAM_Pf480.PF3D7_0413700,39
255,gene_256,iAM_Pf480.PF3D7_0507500,105
256,gene_257,iAM_Pf480.PF3D7_0627500,77
257,gene_258,iAM_Pf480.PF3D7_0922900,100
258,gene_259,iAM_Pf480.PF3D7_0933600,141
259,gene_260,iAM_Pf480.PF3D7_1020400,43
260,gene_261,iAM_Pf480.PF3D7_1032400,56
261,gene_262,iAM_Pf480.PF3D7_1235700,635
262,gene_263,iAM_Pf480.PF3D7_1249900,108
263,gene_264,iAM_Pf480.PF3D7_1325100,90
264,gene_265,iAM_Pf480.PF3D7_1360800,105
265,gene_266,iAM_Pf480.PF3D7_1420900,67
267,gene_268,iAM_Pv461.PVX_085435,62
268,gene_269,iAM_Pv461.PVX_085660,102
269,gene_270,iAM_Pv461.PVX_087035,154
270,gene_271,iAM_Pv461.PVX_089645,39
271,gene_272,iAM_Pv461.PVX_100735,640
272,gene_273,iAM_Pv461.PVX_101390,106
276,gene_277,iAM_Pv461.PVX_116620,89
278,gene_279,iAT_PLT_636.4905,140
279,gene_280,iAT_PLT_636.506,638
280,gene_281,iAT_PLT_636.5834,727
281,gene_282,iAT_PLT_636.5836,706
283,gene_284,iAT_PLT_636.6652,129
284,gene_285,iCHOv1.100682535,220
285,gene_286,iCHOv1.100751382,63
286,gene_287,iCHOv1.100751791,204
287,gene_288,iCHOv1.100752172,70
288,gene_289,iCHOv1.100752445,123
289,gene_290,iCHOv1.100754659,73
290,gene_291,iCHOv1.100754706,119
291,gene_292,iCHOv1.100754792,205
292,gene_293,iCHOv1.100755154,87
294,gene_295,iCHOv1.100757350,740
296,gene_297,iCHOv1.100759926,600
297,gene_298,iCHOv1.100760370,127
298,gene_299,iCHOv1.100762102,65
299,gene_300,iCHOv1.100762274,42
300,gene_301,iCHOv1.100762480,195
301,gene_302,iCHOv1.100763024,625
302,gene_303,iCHOv1.100765478,122
303,gene_304,iCHOv1.100767446,132
305,gene_306,iCHOv1.100770626,69
307,gene_308,iCHOv1.100773712,77
309,gene_310,iCHOv1.100774782,52
310,gene_311,iCHOv1.100774847,75
311,gene_312,iCN718.ABAYE_RS01735,301
312,gene_313,iCN718.ABAYE_RS01780,189
313,gene_314,iCN718.ABAYE_RS01785,82
314,gene_315,iCN718.ABAYE_RS03665,135
315,gene_316,iCN718.ABAYE_RS04050,471
316,gene_317,iCN718.ABAYE_RS04630,648
317,gene_318,iCN718.ABAYE_RS04905,357
318,gene_319,iCN718.ABAYE_RS04960,365
319,gene_320,iCN718.ABAYE_RS05520,468
320,gene_321,iCN718.ABAYE_RS05795,41
323,gene_324,iCN718.ABAYE_RS11390,175
324,gene_325,iCN718.ABAYE_RS12870,69
326,gene_327,iCN718.ABAYE_RS13845,91
327,gene_328,iCN718.ABAYE_RS14570,297
328,gene_329,iCN718.ABAYE_RS16270,54
329,gene_330,iCN718.ABAYE_RS16285,94
330,gene_331,iCN718.ABAYE_RS16380,532
331,gene_332,iCN718.ABAYE_RS17470,502
332,gene_333,iCN718.ABAYE_RS18875,212
334,gene_335,iCN900.CD630_00190,183
335,gene_336,iCN900.CD630_00450,80
336,gene_337,iCN900.CD630_00480,189
337,gene_338,iCN900.CD630_00490,649
338,gene_339,iCN900.CD630_00510,242
339,gene_340,iCN900.CD630_00520,594
340,gene_341,iCN900.CD630_00910,211
341,gene_342,iCN900.CD630_01000,293
342,gene_343,iCN900.CD630_01010,271
343,gene_344,iCN900.CD630_01020,267
344,gene_345,iCN900.CD630_01030,244
345,gene_346,iCN900.CD630_01160,381
346,gene_347,iCN900.CD630_01180,160
347,gene_348,iCN900.CD630_01190,479
348,gene_349,iCN900.CD630_01200,702
349,gene_350,iCN900.CD630_01230,399
350,gene_351,iCN900.CD630_01280,170
351,gene_352,iCN900.CD630_01300,338
352,gene_353,iCN900.CD630_01860,291
353,gene_354,iCN900.CD630_01980,697
354,gene_355,iCN900.CD630_02180,144
355,gene_356,iCN900.CD630_02190,275
356,gene_357,iCN900.CD630_02200,421
357,gene_358,iCN900.CD630_02210,336
358,gene_359,iCN900.CD630_02220,179
359,gene_360,iCN900.CD630_02240,458
360,gene_361,iCN900.CD630_02250,1495
361,gene_362,iCN900.CD630_02510,63
362,gene_363,iCN900.CD630_03130,679
363,gene_364,iCN900.CD630_03960,119
364,gene_365,iCN900.CD630_04050,209
365,gene_366,iCN900.CD630_04310,184
367,gene_368,iCN900.CD630_06570,451
368,gene_369,iCN900.CD630_06960,317
369,gene_370,iCN900.CD630_06970,200
370,gene_371,iCN900.CD630_06990,444
371,gene_372,iCN900.CD630_07170,45
372,gene_373,iCN900.CD630_07180,711
373,gene_374,iCN900.CD630_07300,172
374,gene_375,iCN900.CD630_07520,334
375,gene_376,iCN900.CD630_07530,308
376,gene_377,iCN900.CD630_07540,349
377,gene_378,iCN900.CD630_07590,993
378,gene_379,iCN900.CD630_08330,799
380,gene_381,iCN900.CD630_08680,41
381,gene_382,iCN900.CD630_08720,153
382,gene_383,iCN900.CD630_08820,408
384,gene_385,iCN900.CD630_08850,731
385,gene_386,iCN900.CD630_08880,417
387,gene_388,iCN900.CD630_09270,90
388,gene_389,iCN900.CD630_09890,569
389,gene_390,iCN900.CD630_09900,578
392,gene_393,iCN900.CD630_10030,369
393,gene_394,iCN900.CD630_10050,438
395,gene_396,iCN900.CD630_10240,438
396,gene_397,iCN900.CD630_10250,266
397,gene_398,iCN900.CD630_10260,224
398,gene_399,iCN900.CD630_10270,216
399,gene_400,iCN900.CD630_10600,219
400,gene_401,iCN900.CD630_10690,53
401,gene_402,iCN900.CD630_10870,248
402,gene_403,iCN900.CD630_11290,126
403,gene_404,iCN900.CD630_11530,166
404,gene_405,iCN900.CD630_11750,481
405,gene_406,iCN900.CD630_11780,327
406,gene_407,iCN900.CD630_11790,328
407,gene_408,iCN900.CD630_11800,385
408,gene_409,iCN900.CD630_11820,275
409,gene_410,iCN900.CD630_11840,518
410,gene_411,iCN900.CD630_11910,714
411,gene_412,iCN900.CD630_12050,301
412,gene_413,iCN900.CD630_12200,147
413,gene_414,iCN900.CD630_12260,187
414,gene_415,iCN900.CD630_12790,510
415,gene_416,iCN900.CD630_12820,910
416,gene_417,iCN900.CD630_13150,201
417,gene_418,iCN900.CD630_13320,309
418,gene_419,iCN900.CD630_13340,392
419,gene_420,iCN900.CD630_13530,192
420,gene_421,iCN900.CD630_14490,171
421,gene_422,iCN900.CD630_14770,72
422,gene_423,iCN900.CD630_14780,100
423,gene_424,iCN900.CD630_14790,718
424,gene_425,iCN900.CD630_14890,76
425,gene_426,iCN900.CD630_14950,271
427,gene_428,iCN900.CD630_15130,318
428,gene_429,iCN900.CD630_15360,305
429,gene_430,iCN900.CD630_15370,279
430,gene_431,iCN900.CD630_15480,211
431,gene_432,iCN900.CD630_15510,182
432,gene_433,iCN900.CD630_15520,224
433,gene_434,iCN900.CD630_15540,213
434,gene_435,iCN900.CD630_15770,509
435,gene_436,iCN900.CD630_15990,235
436,gene_437,iCN900.CD630_16010,182
437,gene_438,iCN900.CD630_16140,137
438,gene_439,iCN900.CD630_16740,67
439,gene_440,iCN900.CD630_17020,606
441,gene_442,iCN900.CD630_17040,312
442,gene_443,iCN900.CD630_17050,278
443,gene_444,iCN900.CD630_17290,349
444,gene_445,iCN900.CD630_17750,146
446,gene_447,iCN900.CD630_17850,479
447,gene_448,iCN900.CD630_18070,67
448,gene_449,iCN900.CD630_18160,174
449,gene_450,iCN900.CD630_18170,125
450,gene_451,iCN900.CD630_18200,339
451,gene_452,iCN900.CD630_18240,1144
452,gene_453,iCN900.CD630_18250,466
453,gene_454,iCN900.CD630_18320,409
454,gene_455,iCN900.CD630_18330,234
455,gene_456,iCN900.CD630_18360,178
456,gene_457,iCN900.CD630_18390,108
457,gene_458,iCN900.CD630_19070,382
458,gene_459,iCN900.CD630_19470,224
459,gene_460,iCN900.CD630_20140,725
460,gene_461,iCN900.CD630_20200,690
462,gene_463,iCN900.CD630_20530,451
463,gene_464,iCN900.CD630_20590,660
464,gene_465,iCN900.CD630_20830,48
466,gene_467,iCN900.CD630_21150,572
467,gene_468,iCN900.CD630_21170,250
468,gene_469,iCN900.CD630_21180,307
469,gene_470,iCN900.CD630_21190,248
471,gene_472,iCN900.CD630_21280,432
472,gene_473,iCN900.CD630_21300,377
473,gene_474,iCN900.CD630_21350,144
474,gene_475,iCN900.CD630_21360,265
475,gene_476,iCN900.CD630_21380,136
476,gene_477,iCN900.CD630_21560,460
477,gene_478,iCN900.CD630_21720,169
478,gene_479,iCN900.CD630_21730,157
479,gene_480,iCN900.CD630_22450,650
480,gene_481,iCN900.CD630_22690,663
481,gene_482,iCN900.CD630_22700,320
482,gene_483,iCN900.CD630_22760,436
483,gene_484,iCN900.CD630_22770,100
484,gene_485,iCN900.CD630_22780,284
485,gene_486,iCN900.CD630_23200,157
486,gene_487,iCN900.CD630_23210,370
487,gene_488,iCN900.CD630_23220,363
488,gene_489,iCN900.CD630_23290,311
491,gene_492,iCN900.CD630_23710,385
492,gene_493,iCN900.CD630_23720,323
493,gene_494,iCN900.CD630_24100,1082
494,gene_495,iCN900.CD630_24380,57
495,gene_496,iCN900.CD630_24590,200
497,gene_498,iCN900.CD630_24930,83
498,gene_499,iCN900.CD630_25030,714
499,gene_500,iCN900.CD630_25240,161
500,gene_501,iCN900.CD630_25740,132
502,gene_503,iCN900.CD630_25770,248
503,gene_504,iCN900.CD630_25840,287
504,gene_505,iCN900.CD630_25870,379
505,gene_506,iCN900.CD630_25880,162
506,gene_507,iCN900.CD630_25950,186
507,gene_508,iCN900.CD630_25960,328
508,gene_509,iCN900.CD630_26100,396
509,gene_510,iCN900.CD630_26110,128
510,gene_511,iCN900.CD630_26230,197
511,gene_512,iCN900.CD630_26270,80
512,gene_513,iCN900.CD630_26300,302
513,gene_514,iCN900.CD630_26510,178
515,gene_516,iCN900.CD630_26550,384
516,gene_517,iCN900.CD630_26640,409
517,gene_518,iCN900.CD630_26820,1384
518,gene_519,iCN900.CD630_26910,170
519,gene_520,iCN900.CD630_26950,412
520,gene_521,iCN900.CD630_27080,168
521,gene_522,iCN900.CD630_27150,115
523,gene_524,iCN900.CD630_27390,647
524,gene_525,iCN900.CD630_27410,373
525,gene_526,iCN900.CD630_27420,95
526,gene_527,iCN900.CD630_27440,733
527,gene_528,iCN900.CD630_27550,427
528,gene_529,iCN900.CD630_27800,561
530,gene_531,iCN900.CD630_28680,82
533,gene_534,iCN900.CD630_29560,585
534,gene_535,iCN900.CD630_29600,108
535,gene_536,iCN900.CD630_29670,194
537,gene_538,iCN900.CD630_30650,306
538,gene_539,iCN900.CD630_31100,216
539,gene_540,iCN900.CD630_31690,167
540,gene_541,iCN900.CD630_31700,551
541,gene_542,iCN900.CD630_31710,595
542,gene_543,iCN900.CD630_31720,268
543,gene_544,iCN900.CD630_31730,554
544,gene_545,iCN900.CD630_31740,427
545,gene_546,iCN900.CD630_31950,533
546,gene_547,iCN900.CD630_32150,103
547,gene_548,iCN900.CD630_32230,346
548,gene_549,iCN900.CD630_32250,348
549,gene_550,iCN900.CD630_32530,233
550,gene_551,iCN900.CD630_32560,1176
551,gene_552,iCN900.CD630_32610,360
552,gene_553,iCN900.CD630_32620,234
553,gene_554,iCN900.CD630_32630,269
554,gene_555,iCN900.CD630_32680,95
555,gene_556,iCN900.CD630_32740,478
556,gene_557,iCN900.CD630_32810,271
557,gene_558,iCN900.CD630_32850,678
558,gene_559,iCN900.CD630_32860,352
559,gene_560,iCN900.CD630_33940,588
560,gene_561,iCN900.CD630_33950,353
561,gene_562,iCN900.CD630_34020,291
563,gene_564,iCN900.CD630_34070,414
564,gene_565,iCN900.CD630_34150,102
565,gene_566,iCN900.CD630_34180,108
566,gene_567,iCN900.CD630_34190,365
567,gene_568,iCN900.CD630_34200,324
568,gene_569,iCN900.CD630_34360,107
569,gene_570,iCN900.CD630_34560,100
571,gene_572,iCN900.CD630_34600,320
572,gene_573,iCN900.CD630_34630,40
573,gene_574,iCN900.CD630_34680,703
574,gene_575,iCN900.CD630_34690,207
575,gene_576,iCN900.CD630_34700,613
576,gene_577,iCN900.CD630_34710,77
577,gene_578,iCN900.CD630_34720,53
578,gene_579,iCN900.CD630_34730,79
579,gene_580,iCN900.CD630_34740,155
580,gene_581,iCN900.CD630_34880,382
581,gene_582,iCN900.CD630_35150,445
582,gene_583,iCN900.CD630_35180,418
583,gene_584,iCN900.CD630_35500,241
584,gene_585,iCN900.CD630_35510,230
585,gene_586,iCN900.CD630_35520,549
586,gene_587,iCN900.CD630_35550,205
587,gene_588,iCN900.CD630_35580,264
588,gene_589,iCN900.CD630_35620,267
589,gene_590,iCN900.CD630_35880,1269
590,gene_591,iCN900.CD630_35890,392
591,gene_592,iCN900.CD630_35900,1252
592,gene_593,iCN900.CD630_35960,745
593,gene_594,iCN900.CD630_36550,362
594,gene_595,iCN900.CD630_36640,353
595,gene_596,iCN900.CD630_36700,317
596,gene_597,iEK1008.Rv0125,89
597,gene_598,iEK1008.Rv0220,77
598,gene_599,iEK1008.Rv0357c,350
599,gene_600,iEK1008.Rv0684,813
600,gene_601,iEK1008.Rv1348,280
602,gene_603,iEK1008.Rv2039c,94
603,gene_604,iEK1008.Rv2040c,101
604,gene_605,iEK1008.Rv2284,67
605,gene_606,iEK1008.Rv2317,104
606,gene_607,iEK1008.Rv2334,370
607,gene_608,iEK1008.Rv2606c,363
608,gene_609,iEK1008.Rv3002c,156
609,gene_610,iEK1008.Rv3084,66
611,gene_612,iEK1008.Rv3097c,84
612,gene_613,iEK1008.Rv3116,77
613,gene_614,iEK1008.Rv3206c,69
614,gene_615,iEK1008.Rv3302c,42
615,gene_616,iEK1008.Rv3709c,347
616,gene_617,iHN637.CLJU_RS00085,536
617,gene_618,iHN637.CLJU_RS00590,305
620,gene_621,iHN637.CLJU_RS00680,263
621,gene_622,iHN637.CLJU_RS00840,797
622,gene_623,iHN637.CLJU_RS00915,67
623,gene_624,iHN637.CLJU_RS00920,1245
624,gene_625,iHN637.CLJU_RS01030,259
626,gene_627,iHN637.CLJU_RS01075,772
627,gene_628,iHN637.CLJU_RS01130,167
628,gene_629,iHN637.CLJU_RS01150,481
629,gene_630,iHN637.CLJU_RS01175,53
630,gene_631,iHN637.CLJU_RS01180,618
631,gene_632,iHN637.CLJU_RS01190,645
632,gene_633,iHN637.CLJU_RS01205,360
633,gene_634,iHN637.CLJU_RS01260,115
634,gene_635,iHN637.CLJU_RS01300,582
636,gene_637,iHN637.CLJU_RS01495,345
637,gene_638,iHN637.CLJU_RS01500,371
638,gene_639,iHN637.CLJU_RS01560,286
639,gene_640,iHN637.CLJU_RS01590,347
640,gene_641,iHN637.CLJU_RS01595,579
641,gene_642,iHN637.CLJU_RS02030,483
642,gene_643,iHN637.CLJU_RS02150,401
643,gene_644,iHN637.CLJU_RS02155,1341
644,gene_645,iHN637.CLJU_RS02195,474
646,gene_647,iHN637.CLJU_RS02400,51
647,gene_648,iHN637.CLJU_RS02945,243
648,gene_649,iHN637.CLJU_RS02950,475
649,gene_650,iHN637.CLJU_RS03120,173
650,gene_651,iHN637.CLJU_RS03255,871
651,gene_652,iHN637.CLJU_RS03265,491
652,gene_653,iHN637.CLJU_RS03270,783
653,gene_654,iHN637.CLJU_RS03295,494
654,gene_655,iHN637.CLJU_RS03400,658
656,gene_657,iHN637.CLJU_RS03520,291
657,gene_658,iHN637.CLJU_RS03525,215
658,gene_659,iHN637.CLJU_RS03570,299
659,gene_660,iHN637.CLJU_RS03910,300
660,gene_661,iHN637.CLJU_RS04010,1177
661,gene_662,iHN637.CLJU_RS04205,146
662,gene_663,iHN637.CLJU_RS04210,290
663,gene_664,iHN637.CLJU_RS04215,457
664,gene_665,iHN637.CLJU_RS04220,374
665,gene_666,iHN637.CLJU_RS04225,172
666,gene_667,iHN637.CLJU_RS04385,351
667,gene_668,iHN637.CLJU_RS04420,289
668,gene_669,iHN637.CLJU_RS04465,640
672,gene_673,iHN637.CLJU_RS04615,73
674,gene_675,iHN637.CLJU_RS05190,452
675,gene_676,iHN637.CLJU_RS05200,220
676,gene_677,iHN637.CLJU_RS05255,187
677,gene_678,iHN637.CLJU_RS05470,605
678,gene_679,iHN637.CLJU_RS05505,148
679,gene_680,iHN637.CLJU_RS05525,283
680,gene_681,iHN637.CLJU_RS05570,353
682,gene_683,iHN637.CLJU_RS05660,1488
683,gene_684,iHN637.CLJU_RS05705,241
684,gene_685,iHN637.CLJU_RS05725,219
685,gene_686,iHN637.CLJU_RS05735,95
686,gene_687,iHN637.CLJU_RS05740,191
687,gene_688,iHN637.CLJU_RS05745,222
688,gene_689,iHN637.CLJU_RS05755,326
689,gene_690,iHN637.CLJU_RS05805,969
690,gene_691,iHN637.CLJU_RS05810,253
691,gene_692,iHN637.CLJU_RS05830,352
692,gene_693,iHN637.CLJU_RS05895,402
693,gene_694,iHN637.CLJU_RS06095,364
694,gene_695,iHN637.CLJU_RS06125,319
695,gene_696,iHN637.CLJU_RS06145,175
696,gene_697,iHN637.CLJU_RS06155,358
697,gene_698,iHN637.CLJU_RS06205,202
698,gene_699,iHN637.CLJU_RS06240,182
699,gene_700,iHN637.CLJU_RS06260,383
700,gene_701,iHN637.CLJU_RS06265,483
701,gene_702,iHN637.CLJU_RS06280,275
702,gene_703,iHN637.CLJU_RS06285,104
703,gene_704,iHN637.CLJU_RS06400,315
704,gene_705,iHN637.CLJU_RS06410,260
705,gene_706,iHN637.CLJU_RS06430,399
706,gene_707,iHN637.CLJU_RS06465,160
707,gene_708,iHN637.CLJU_RS06475,193
708,gene_709,iHN637.CLJU_RS06515,153
709,gene_710,iHN637.CLJU_RS06565,641
710,gene_711,iHN637.CLJU_RS06575,237
711,gene_712,iHN637.CLJU_RS06595,150
712,gene_713,iHN637.CLJU_RS06600,127
714,gene_715,iHN637.CLJU_RS06865,422
715,gene_716,iHN637.CLJU_RS07005,509
716,gene_717,iHN637.CLJU_RS07045,145
719,gene_720,iHN637.CLJU_RS07395,353
720,gene_721,iHN637.CLJU_RS07880,54
721,gene_722,iHN637.CLJU_RS07885,317
723,gene_724,iHN637.CLJU_RS07895,169
724,gene_725,iHN637.CLJU_RS07900,521
725,gene_726,iHN637.CLJU_RS07905,269
726,gene_727,iHN637.CLJU_RS10005,449
727,gene_728,iHN637.CLJU_RS10010,420
728,gene_729,iHN637.CLJU_RS10015,711
730,gene_731,iHN637.CLJU_RS10025,164
731,gene_732,iHN637.CLJU_RS10075,130
732,gene_733,iHN637.CLJU_RS10220,221
733,gene_734,iHN637.CLJU_RS10465,415
734,gene_735,iHN637.CLJU_RS10635,511
735,gene_736,iHN637.CLJU_RS10680,102
736,gene_737,iHN637.CLJU_RS10895,158
737,gene_738,iHN637.CLJU_RS11545,116
738,gene_739,iHN637.CLJU_RS11570,48
739,gene_740,iHN637.CLJU_RS11775,432
740,gene_741,iHN637.CLJU_RS11970,391
741,gene_742,iHN637.CLJU_RS12040,87
742,gene_743,iHN637.CLJU_RS12050,110
744,gene_745,iHN637.CLJU_RS12495,441
745,gene_746,iHN637.CLJU_RS13140,272
746,gene_747,iHN637.CLJU_RS13170,608
747,gene_748,iHN637.CLJU_RS13735,234
748,gene_749,iHN637.CLJU_RS14330,746
749,gene_750,iHN637.CLJU_RS14370,159
750,gene_751,iHN637.CLJU_RS14390,201
752,gene_753,iHN637.CLJU_RS14475,1360
753,gene_754,iHN637.CLJU_RS14690,140
755,gene_756,iHN637.CLJU_RS15095,397
756,gene_757,iHN637.CLJU_RS15670,192
757,gene_758,iHN637.CLJU_RS15680,97
758,gene_759,iHN637.CLJU_RS15750,394
759,gene_760,iHN637.CLJU_RS15830,365
760,gene_761,iHN637.CLJU_RS16285,254
761,gene_762,iHN637.CLJU_RS16295,195
762,gene_763,iHN637.CLJU_RS16355,318
763,gene_764,iHN637.CLJU_RS16615,711
764,gene_765,iHN637.CLJU_RS16730,361
765,gene_766,iHN637.CLJU_RS16855,107
766,gene_767,iHN637.CLJU_RS16870,394
767,gene_768,iHN637.CLJU_RS16970,459
768,gene_769,iHN637.CLJU_RS17035,264
769,gene_770,iHN637.CLJU_RS17040,336
770,gene_771,iHN637.CLJU_RS17100,217
771,gene_772,iHN637.CLJU_RS17105,1125
772,gene_773,iHN637.CLJU_RS17275,187
773,gene_774,iHN637.CLJU_RS17575,310
774,gene_775,iHN637.CLJU_RS17585,187
775,gene_776,iHN637.CLJU_RS18285,630
776,gene_777,iHN637.CLJU_RS18300,729
777,gene_778,iHN637.CLJU_RS18305,632
778,gene_779,iHN637.CLJU_RS18335,577
780,gene_781,iHN637.CLJU_RS18480,180
781,gene_782,iHN637.CLJU_RS18540,570
782,gene_783,iHN637.CLJU_RS18545,50
783,gene_784,iHN637.CLJU_RS18655,171
785,gene_786,iHN637.CLJU_RS18940,459
787,gene_788,iHN637.CLJU_RS19260,610
788,gene_789,iHN637.CLJU_RS19265,270
789,gene_790,iHN637.CLJU_RS19270,552
791,gene_792,iHN637.CLJU_RS19490,388
792,gene_793,iHN637.CLJU_RS19495,199
793,gene_794,iHN637.CLJU_RS19520,221
794,gene_795,iHN637.CLJU_RS19680,489
796,gene_797,iHN637.CLJU_RS19905,716
797,gene_798,iHN637.CLJU_RS19915,308
798,gene_799,iHN637.CLJU_RS19935,112
799,gene_800,iHN637.CLJU_RS19990,238
800,gene_801,iHN637.CLJU_RS19995,343
801,gene_802,iHN637.CLJU_RS20110,161
802,gene_803,iHN637.CLJU_RS20335,166
803,gene_804,iHN637.CLJU_RS20420,434
804,gene_805,iHN637.CLJU_RS20455,170
805,gene_806,iHN637.CLJU_RS20465,167
806,gene_807,iHN637.CLJU_RS20535,231
807,gene_808,iHN637.CLJU_RS20585,409
808,gene_809,iHN637.CLJU_RS20600,390
810,gene_811,iHN637.CLJU_RS20750,147
811,gene_812,iHN637.CLJU_RS20760,497
812,gene_813,iHN637.CLJU_RS20765,280
813,gene_814,iHN637.CLJU_RS20770,303
814,gene_815,iHN637.CLJU_RS20780,307
815,gene_816,iHN637.CLJU_RS20860,334
816,gene_817,iHN637.CLJU_RS20995,396
818,gene_819,iIT341.HP0055,342
819,gene_820,iIT341.HP0096,198
820,gene_821,iIT341.HP0381,118
821,gene_822,iIT341.HP0824,103
822,gene_823,iIT341.HP1229,359
824,gene_825,iJN1463.PP_0129,89
825,gene_826,iJN1463.PP_0184,493
826,gene_827,iJN1463.PP_0227,137
827,gene_828,iJN1463.PP_0228,179
828,gene_829,iJN1463.PP_0289,98
830,gene_831,iJN1463.PP_0382,82
831,gene_832,iJN1463.PP_0391,109
832,gene_833,iJN1463.PP_0416,91
833,gene_834,iJN1463.PP_0601,156
834,gene_835,iJN1463.PP_0675,556
835,gene_836,iJN1463.PP_0722,87
836,gene_837,iJN1463.PP_0732,132
837,gene_838,iJN1463.PP_0762,187
838,gene_839,iJN1463.PP_0843,132
839,gene_840,iJN1463.PP_0914,217
840,gene_841,iJN1463.PP_0928,161
841,gene_842,iJN1463.PP_0931,434
842,gene_843,iJN1463.PP_0936,138
844,gene_845,iJN1463.PP_1144,226
845,gene_846,iJN1463.PP_1225,102
846,gene_847,iJN1463.PP_1280,296
848,gene_849,iJN1463.PP_1336,168
849,gene_850,iJN1463.PP_1618,199
850,gene_851,iJN1463.PP_1665,340
851,gene_852,iJN1463.PP_1768,363
852,gene_853,iJN1463.PP_1771,161
856,gene_857,iJN1463.PP_1988,373
857,gene_858,iJN1463.PP_2130,84
858,gene_859,iJN1463.PP_2145,93
859,gene_860,iJN1463.PP_2407,144
862,gene_863,iJN1463.PP_2904,668
863,gene_864,iJN1463.PP_3461,164
864,gene_865,iJN1463.PP_3581,220
865,gene_866,iJN1463.PP_3597,256
866,gene_867,iJN1463.PP_4210,223
867,gene_868,iJN1463.PP_4213,61
868,gene_869,iJN1463.PP_4220,187
869,gene_870,iJN1463.PP_4473,347
872,gene_873,iJN1463.PP_4803,159
873,gene_874,iJN1463.PP_4893,233
874,gene_875,iJN1463.PP_4935,300
875,gene_876,iJN1463.PP_5011,58
876,gene_877,iJN1463.PP_5078,238
877,gene_878,iJN1463.PP_5215,100
878,gene_879,iJN1463.PP_5217,541
879,gene_880,iJN1463.PP_5289,293
880,gene_881,iJN1463.PP_5291,181
881,gene_882,iJN1463.PP_5315,76
884,gene_885,iLB1027_lipid.PHATRDRAFT_15815,566
885,gene_886,iLB1027_lipid.PHATRDRAFT_16944,158
886,gene_887,iLB1027_lipid.PHATRDRAFT_20470,38
888,gene_889,iLB1027_lipid.PHATRDRAFT_29885,386
889,gene_890,iLB1027_lipid.PHATRDRAFT_50356,86
890,gene_891,iLB1027_lipid.PHATRDRAFT_9348,192
891,gene_892,iLJ478.TM0010,629
893,gene_894,iLJ478.TM0067,346
894,gene_895,iLJ478.TM0069,450
898,gene_899,iLJ478.TM0239,228
899,gene_900,iLJ478.TM0240,372
900,gene_901,iLJ478.TM0274,461
901,gene_902,iLJ478.TM0276,565
902,gene_903,iLJ478.TM0282,281
903,gene_904,iLJ478.TM0348,86
904,gene_905,iLJ478.TM0349,149
905,gene_906,iLJ478.TM0356,374
907,gene_908,iLJ478.TM0446,154
909,gene_910,iLJ478.TM0539,453
910,gene_911,iLJ478.TM0548,432
911,gene_912,iLJ478.TM0550,434
912,gene_913,iLJ478.TM0551,646
913,gene_914,iLJ478.TM0716,664
914,gene_915,iLJ478.TM0717,54
915,gene_916,iLJ478.TM0720,545
916,gene_917,iLJ478.TM0809,100
918,gene_919,iLJ478.TM0877,515
919,gene_920,iLJ478.TM0881,373
920,gene_921,iLJ478.TM0895,415
921,gene_922,iLJ478.TM0913,218
922,gene_923,iLJ478.TM0920,233
924,gene_925,iLJ478.TM1073,417
925,gene_926,iLJ478.TM1080,161
926,gene_927,iLJ478.TM1148,466
927,gene_928,iLJ478.TM1161,265
929,gene_930,iLJ478.TM1193,556
930,gene_931,iLJ478.TM1195,402
933,gene_934,iLJ478.TM1424,154
934,gene_935,iLJ478.TM1425,527
936,gene_937,iLJ478.TM1469,186
937,gene_938,iLJ478.TM1610,612
940,gene_941,iLJ478.TM1724,157
942,gene_943,iLJ478.TM1784,285
943,gene_944,iLJ478.TM1785,366
945,gene_946,iLJ478.TM1867,295
946,gene_947,iML1515.b0061,270
947,gene_948,iML1515.b0062,516
948,gene_949,iML1515.b0066,106
949,gene_950,iML1515.b0089,163
950,gene_951,iML1515.b0154,469
952,gene_953,iML1515.b0344,65
953,gene_954,iML1515.b0366,102
954,gene_955,iML1515.b0386,276
955,gene_956,iML1515.b0650,255
956,gene_957,iML1515.b0757,61
958,gene_959,iML1515.b0841,58
959,gene_960,iML1515.b0844,117
960,gene_961,iML1515.b0902,253
961,gene_962,iML1515.b0903,913
962,gene_963,iML1515.b0907,330
963,gene_964,iML1515.b0914,303
964,gene_965,iML1515.b1010,69
966,gene_967,iML1515.b1069,179
967,gene_968,iML1515.b1103,105
968,gene_969,iML1515.b1107,78
969,gene_970,iML1515.b1126,100
970,gene_971,iML1515.b1207,97
971,gene_972,iML1515.b1210,140
972,gene_973,iML1515.b1285,216
973,gene_974,iML1515.b1516,119
974,gene_975,iML1515.b1521,393
975,gene_976,iML1515.b1601,65
977,gene_978,iML1515.b1655,99
978,gene_979,iML1515.b1821,114
979,gene_980,iML1515.b1858,51
980,gene_981,iML1515.b1920,132
981,gene_982,iML1515.b1985,127
982,gene_983,iML1515.b2033,58
983,gene_984,iML1515.b2175,77
984,gene_985,iML1515.b2254,129
985,gene_986,iML1515.b2411,444
986,gene_987,iML1515.b2499,343
987,gene_988,iML1515.b2529,129
988,gene_989,iML1515.b2677,100
989,gene_990,iML1515.b2682,89
990,gene_991,iML1515.b2700,107
991,gene_992,iML1515.b2738,80
992,gene_993,iML1515.b2746,197
993,gene_994,iML1515.b2802,686
994,gene_995,iML1515.b2843,323
995,gene_996,iML1515.b2954,157
996,gene_997,iML1515.b3001,140
997,gene_998,iML1515.b3040,81
998,gene_999,iML1515.b3091,330
999,gene_1000,iML1515.b3092,519
1000,gene_1001,iML1515.b3201,132
1001,gene_1002,iML1515.b3248,120
1002,gene_1003,iML1515.b3290,208
1003,gene_1004,iML1515.b3291,95
1004,gene_1005,iML1515.b3389,233
1005,gene_1006,iML1515.b3409,57
1006,gene_1007,iML1515.b3428,677
1008,gene_1009,iML1515.b3590,82
1009,gene_1010,iML1515.b3642,186
1010,gene_1011,iML1515.b3656,189
1011,gene_1012,iML1515.b3697,99
1012,gene_1013,iML1515.b3750,41
1013,gene_1014,iML1515.b3781,111
1014,gene_1015,iML1515.b4090,152
1016,gene_1017,iML1515.b4167,185
1017,gene_1018,iML1515.b4173,264
1018,gene_1019,iML1515.b4198,284
1019,gene_1020,iML1515.b4237,131
1020,gene_1021,iML1515.b4238,329
1021,gene_1022,iML1515.b4266,221
1022,gene_1023,iML1515.b4392,85
1024,gene_1025,iMM1415.110095,750
1025,gene_1026,iMM1415.110935,493
1026,gene_1027,iMM1415.11431,48
1028,gene_1029,iMM1415.11947,626
1030,gene_1031,iMM1415.12091,126
1031,gene_1032,iMM1415.12709,78
1032,gene_1033,iMM1415.12846,75
1033,gene_1034,iMM1415.14411,121
1034,gene_1035,iMM1415.14412,122
1036,gene_1037,iMM1415.15567,121
1037,gene_1038,iMM1415.18195,140
1038,gene_1039,iMM1415.18670,223
1039,gene_1040,iMM1415.18700,74
1040,gene_1041,iMM1415.19309,741
1041,gene_1042,iMM1415.20538,118
1042,gene_1043,iMM1415.232333,127
1043,gene_1044,iMM1415.240332,120
1044,gene_1045,iMM1415.243616,130
1047,gene_1048,iMM1415.76722,70
1049,gene_1050,iMM904.YDR158W,236
1051,gene_1052,iMM904.YJR159W,132
1053,gene_1054,iMM904.YLR308W,56
1054,gene_1055,iMM904.YOR202W,85
1055,gene_1056,iMM904.YPR033C,153
1056,gene_1057,iNF517.LLMG_RS00090,171
1057,gene_1058,iNF517.LLMG_RS00495,489
1058,gene_1059,iNF517.LLMG_RS00670,72
1059,gene_1060,iNF517.LLMG_RS00935,439
1060,gene_1061,iNF517.LLMG_RS01010,105
1061,gene_1062,iNF517.LLMG_RS01210,622
1063,gene_1064,iNF517.LLMG_RS01465,332
1064,gene_1065,iNF517.LLMG_RS01625,104
1065,gene_1066,iNF517.LLMG_RS01995,547
1066,gene_1067,iNF517.LLMG_RS02010,272
1067,gene_1068,iNF517.LLMG_RS02055,324
1068,gene_1069,iNF517.LLMG_RS02785,389
1069,gene_1070,iNF517.LLMG_RS02940,350
1070,gene_1071,iNF517.LLMG_RS03315,526
1071,gene_1072,iNF517.LLMG_RS04195,96
1073,gene_1074,iNF517.LLMG_RS04420,228
1076,gene_1077,iNF517.LLMG_RS04880,160
1077,gene_1078,iNF517.LLMG_RS04970,422
1078,gene_1079,iNF517.LLMG_RS05020,372
1081,gene_1082,iNF517.LLMG_RS05615,283
1083,gene_1084,iNF517.LLMG_RS06195,221
1084,gene_1085,iNF517.LLMG_RS06530,50
1085,gene_1086,iNF517.LLMG_RS06540,296
1087,gene_1088,iNF517.LLMG_RS07160,57
1088,gene_1089,iNF517.LLMG_RS07220,192
1089,gene_1090,iNF517.LLMG_RS07395,236
1090,gene_1091,iNF517.LLMG_RS07670,303
1091,gene_1092,iNF517.LLMG_RS08030,682
1092,gene_1093,iNF517.LLMG_RS08455,290
1094,gene_1095,iNF517.LLMG_RS08750,830
1095,gene_1096,iNF517.LLMG_RS09360,397
1096,gene_1097,iNF517.LLMG_RS09365,686
1097,gene_1098,iNF517.LLMG_RS09680,247
1098,gene_1099,iNF517.LLMG_RS09705,176
1099,gene_1100,iNF517.LLMG_RS09720,308
1100,gene_1101,iNF517.LLMG_RS09915,312
1101,gene_1102,iNF517.LLMG_RS10005,261
1102,gene_1103,iNF517.LLMG_RS10780,146
1103,gene_1104,iNF517.LLMG_RS10835,321
1104,gene_1105,iNF517.LLMG_RS11000,213
1105,gene_1106,iNF517.LLMG_RS11055,334
1106,gene_1107,iNF517.LLMG_RS11210,120
1107,gene_1108,iNF517.LLMG_RS11535,180
1108,gene_1109,iNF517.LLMG_RS11600,490
1110,gene_1111,iNF517.LLMG_RS12755,404
1111,gene_1112,iPC815.YPO0045,190
1112,gene_1113,iPC815.YPO0152,236
1113,gene_1114,iPC815.YPO0157,388
1114,gene_1115,iPC815.YPO0239,213
1116,gene_1117,iPC815.YPO0579,494
1117,gene_1118,iPC815.YPO0581,509
1118,gene_1119,iPC815.YPO0945,158
1119,gene_1120,iPC815.YPO1137,132
1120,gene_1121,iPC815.YPO1381,241
1122,gene_1123,iPC815.YPO1395,310
1123,gene_1124,iPC815.YPO1581,296
1124,gene_1125,iPC815.YPO1914,158
1125,gene_1126,iPC815.YPO2013,92
1126,gene_1127,iPC815.YPO2369,327
1127,gene_1128,iPC815.YPO2514,99
1128,gene_1129,iPC815.YPO2539,227
1130,gene_1131,iPC815.YPO2828,360
1133,gene_1134,iPC815.YPO3326,305
1134,gene_1135,iPC815.YPO3360,208
1135,gene_1136,iPC815.YPO3408,161
1138,gene_1139,iPC815.YPO3868,105
1139,gene_1140,iPC815.YPO3938,687
1140,gene_1141,iPC815.YPO3942,607
1141,gene_1142,iSDY_1059.SDY_0088,298
1144,gene_1145,iSDY_1059.SDY_0218,112
1145,gene_1146,iSDY_1059.SDY_0286,228
1147,gene_1148,iSDY_1059.SDY_0378,64
1148,gene_1149,iSDY_1059.SDY_0504,96
1149,gene_1150,iSDY_1059.SDY_0614,648
1151,gene_1152,iSDY_1059.SDY_0843,52
1152,gene_1153,iSDY_1059.SDY_0985,63
1154,gene_1155,iSDY_1059.SDY_1145,95
1155,gene_1156,iSDY_1059.SDY_1256,95
1156,gene_1157,iSDY_1059.SDY_1259,140
1157,gene_1158,iSDY_1059.SDY_1860,325
1158,gene_1159,iSDY_1059.SDY_2026,102
1159,gene_1160,iSDY_1059.SDY_2043,77
1160,gene_1161,iSDY_1059.SDY_2083,162
1161,gene_1162,iSDY_1059.SDY_2344,297
1162,gene_1163,iSDY_1059.SDY_2354,332
1163,gene_1164,iSDY_1059.SDY_2358,903
1164,gene_1165,iSDY_1059.SDY_2359,253
1165,gene_1166,iSDY_1059.SDY_2608,442
1166,gene_1167,iSDY_1059.SDY_2688,342
1167,gene_1168,iSDY_1059.SDY_2725,129
1168,gene_1169,iSDY_1059.SDY_2837,113
1169,gene_1170,iSDY_1059.SDY_2877,89
1170,gene_1171,iSDY_1059.SDY_2945,191
1172,gene_1173,iSDY_1059.SDY_3118,165
1173,gene_1174,iSDY_1059.SDY_3200,80
1174,gene_1175,iSDY_1059.SDY_3276,330
1175,gene_1176,iSDY_1059.SDY_3377,157
1176,gene_1177,iSDY_1059.SDY_3382,131
1177,gene_1178,iSDY_1059.SDY_3466,202
1178,gene_1179,iSDY_1059.SDY_3574,677
1180,gene_1181,iSDY_1059.SDY_3690,231
1181,gene_1182,iSDY_1059.SDY_3695,184
1182,gene_1183,iSDY_1059.SDY_3968,106
1183,gene_1184,iSDY_1059.SDY_4073,183
1184,gene_1185,iSDY_1059.SDY_4092,155
1185,gene_1186,iSDY_1059.SDY_4256,131
1186,gene_1187,iSDY_1059.SDY_4257,329
1187,gene_1188,iSDY_1059.SDY_4367,284
1188,gene_1189,iSDY_1059.SDY_4653,85
1189,gene_1190,iSF_1195.SF0056,268
1190,gene_1191,iSF_1195.SF0061,93
1195,gene_1196,iSF_1195.SF0613,640
1196,gene_1197,iSF_1195.SF0772,115
1197,gene_1198,iSF_1195.SF0780,106
1198,gene_1199,iSF_1195.SF0794,52
1199,gene_1200,iSF_1195.SF0897,253
1200,gene_1201,iSF_1195.SF0898,912
1202,gene_1203,iSF_1195.SF0910,303
1203,gene_1204,iSF_1195.SF1013,65
1204,gene_1205,iSF_1195.SF1075,164
1205,gene_1206,iSF_1195.SF1111,97
1207,gene_1208,iSF_1195.SF1210,94
1208,gene_1209,iSF_1195.SF1572,395
1209,gene_1210,iSF_1195.SF1867,95
1212,gene_1213,iSF_1195.SF2543,340
1213,gene_1214,iSF_1195.SF2576,130
1214,gene_1215,iSF_1195.SF2653,108
1215,gene_1216,iSF_1195.SF2705,104
1216,gene_1217,iSF_1195.SF2709,88
1217,gene_1218,iSF_1195.SF2769,191
1218,gene_1219,iSF_1195.SF2816,686
1219,gene_1220,iSF_1195.SF2945,160
1220,gene_1221,iSF_1195.SF3047,404
1221,gene_1222,iSF_1195.SF3080,80
1222,gene_1223,iSF_1195.SF3131,330
1224,gene_1225,iSF_1195.SF3241,132
1225,gene_1226,iSF_1195.SF3321,204
1226,gene_1227,iSF_1195.SF3402,399
1227,gene_1228,iSF_1195.SF3407,235
1228,gene_1229,iSF_1195.SF3428,53
1229,gene_1230,iSF_1195.SF3681,177
1230,gene_1231,iSF_1195.SF3854,106
1233,gene_1234,iSF_1195.SF4253,132
1234,gene_1235,iSF_1195.SF4353,286
1235,gene_1236,iSF_1195.SF4424,85
1236,gene_1237,iSSON_1240.SSON_0067,271
1239,gene_1240,iSSON_1240.SSON_0213,92
1240,gene_1241,iSSON_1240.SSON_0299,61
1241,gene_1242,iSSON_1240.SSON_0344,102
1242,gene_1243,iSSON_1240.SSON_0356,273
1244,gene_1245,iSSON_1240.SSON_0432,241
1245,gene_1246,iSSON_1240.SSON_0604,251
1247,gene_1248,iSSON_1240.SSON_0709,125
1248,gene_1249,iSSON_1240.SSON_0804,116
1251,gene_1252,iSSON_1240.SSON_0904,913
1253,gene_1254,iSSON_1240.SSON_0916,303
1255,gene_1256,iSSON_1240.SSON_1089,170
1256,gene_1257,iSSON_1240.SSON_1144,91
1257,gene_1258,iSSON_1240.SSON_1283,51
1258,gene_1259,iSSON_1240.SSON_1519,338
1259,gene_1260,iSSON_1240.SSON_1607,387
1261,gene_1262,iSSON_1240.SSON_1971,94
1263,gene_1264,iSSON_1240.SSON_2500,41
1264,gene_1265,iSSON_1240.SSON_2581,347
1265,gene_1266,iSSON_1240.SSON_2611,129
1266,gene_1267,iSSON_1240.SSON_2720,108
1267,gene_1268,iSSON_1240.SSON_2822,101
1268,gene_1269,iSSON_1240.SSON_2826,77
1269,gene_1270,iSSON_1240.SSON_2886,80
1270,gene_1271,iSSON_1240.SSON_2894,191
1271,gene_1272,iSSON_1240.SSON_3108,160
1272,gene_1273,iSSON_1240.SSON_3145,140
1273,gene_1274,iSSON_1240.SSON_3177,81
1274,gene_1275,iSSON_1240.SSON_3244,521
1275,gene_1276,iSSON_1240.SSON_3245,519
1276,gene_1277,iSSON_1240.SSON_3349,131
1277,gene_1278,iSSON_1240.SSON_3430,208
1278,gene_1279,iSSON_1240.SSON_3515,392
1279,gene_1280,iSSON_1240.SSON_3520,233
1280,gene_1281,iSSON_1240.SSON_3540,54
1281,gene_1282,iSSON_1240.SSON_3764,184
1282,gene_1283,iSSON_1240.SSON_3782,95
1283,gene_1284,iSSON_1240.SSON_3952,106
1284,gene_1285,iSSON_1240.SSON_4294,153
1285,gene_1286,iSSON_1240.SSON_4380,315
1286,gene_1287,iSSON_1240.SSON_4418,132
1287,gene_1288,iSSON_1240.SSON_4419,462
1288,gene_1289,iSSON_1240.SSON_4451,222
1289,gene_1290,iSSON_1240.SSON_4542,85
1290,gene_1291,iSbBS512_1146.SbBS512_E0053,297
1295,gene_1296,iSbBS512_1146.SbBS512_E0303,274
1297,gene_1298,iSbBS512_1146.SbBS512_E0570,640
1298,gene_1299,iSbBS512_1146.SbBS512_E0599,250
1300,gene_1301,iSbBS512_1146.SbBS512_E0954,49
1301,gene_1302,iSbBS512_1146.SbBS512_E1304,98
1302,gene_1303,iSbBS512_1146.SbBS512_E1371,96
1303,gene_1304,iSbBS512_1146.SbBS512_E1374,131
1304,gene_1305,iSbBS512_1146.SbBS512_E1829,323
1305,gene_1306,iSbBS512_1146.SbBS512_E2257,179
1306,gene_1307,iSbBS512_1146.SbBS512_E2302,336
1307,gene_1308,iSbBS512_1146.SbBS512_E2410,301
1309,gene_1310,iSbBS512_1146.SbBS512_E2425,913
1310,gene_1311,iSbBS512_1146.SbBS512_E2426,253
1312,gene_1313,iSbBS512_1146.SbBS512_E2526,114
1313,gene_1314,iSbBS512_1146.SbBS512_E2794,98
1314,gene_1315,iSbBS512_1146.SbBS512_E2873,343
1315,gene_1316,iSbBS512_1146.SbBS512_E2904,129
1316,gene_1317,iSbBS512_1146.SbBS512_E2975,108
1317,gene_1318,iSbBS512_1146.SbBS512_E3128,197
1318,gene_1319,iSbBS512_1146.SbBS512_E3136,95
1319,gene_1320,iSbBS512_1146.SbBS512_E3194,70
1320,gene_1321,iSbBS512_1146.SbBS512_E3202,106
1321,gene_1322,iSbBS512_1146.SbBS512_E3386,160
1322,gene_1323,iSbBS512_1146.SbBS512_E3430,139
1323,gene_1324,iSbBS512_1146.SbBS512_E3472,81
1324,gene_1325,iSbBS512_1146.SbBS512_E3527,522
1326,gene_1327,iSbBS512_1146.SbBS512_E3569,132
1327,gene_1328,iSbBS512_1146.SbBS512_E3674,204
1328,gene_1329,iSbBS512_1146.SbBS512_E3761,390
1329,gene_1330,iSbBS512_1146.SbBS512_E3766,233
1330,gene_1331,iSbBS512_1146.SbBS512_E3790,56
1331,gene_1332,iSbBS512_1146.SbBS512_E4050,95
1332,gene_1333,iSbBS512_1146.SbBS512_E4067,177
1333,gene_1334,iSbBS512_1146.SbBS512_E4140,106
1334,gene_1335,iSbBS512_1146.SbBS512_E4728,287
1335,gene_1336,iSbBS512_1146.SbBS512_E4846,331
1336,gene_1337,iSbBS512_1146.SbBS512_E4847,131
1337,gene_1338,iSbBS512_1146.SbBS512_E4940,82
1338,gene_1339,iSynCJ816.SGL_RS02645,140
1339,gene_1340,iSynCJ816.SGL_RS02895,644
1340,gene_1341,iSynCJ816.SGL_RS02940,51
1341,gene_1342,iSynCJ816.SGL_RS03010,442
1342,gene_1343,iSynCJ816.SGL_RS04160,112
1343,gene_1344,iSynCJ816.SGL_RS04465,418
1345,gene_1346,iSynCJ816.SGL_RS04690,501
1347,gene_1348,iSynCJ816.SGL_RS05125,52
1348,gene_1349,iSynCJ816.SGL_RS05665,471
1349,gene_1350,iSynCJ816.SGL_RS05700,332
1350,gene_1351,iSynCJ816.SGL_RS06095,152
1351,gene_1352,iSynCJ816.SGL_RS06105,267
1352,gene_1353,iSynCJ816.SGL_RS07100,698
1353,gene_1354,iSynCJ816.SGL_RS07160,444
1354,gene_1355,iSynCJ816.SGL_RS07245,122
1356,gene_1357,iSynCJ816.SGL_RS08250,172
1357,gene_1358,iSynCJ816.SGL_RS09375,371
1358,gene_1359,iSynCJ816.SGL_RS09600,246
1359,gene_1360,iSynCJ816.SGL_RS09950,104
1360,gene_1361,iSynCJ816.SGL_RS10250,311
1361,gene_1362,iSynCJ816.SGL_RS10570,84
1362,gene_1363,iSynCJ816.SGL_RS10925,574
1363,gene_1364,iSynCJ816.SGL_RS10930,806
1364,gene_1365,iSynCJ816.SGL_RS11220,69
1365,gene_1366,iSynCJ816.SGL_RS11485,138
1366,gene_1367,iSynCJ816.SGL_RS11755,388
1367,gene_1368,iSynCJ816.SGL_RS11925,660
1369,gene_1370,iSynCJ816.SGL_RS12820,660
1370,gene_1371,iSynCJ816.SGL_RS13120,422
1371,gene_1372,iSynCJ816.SGL_RS13460,365
1372,gene_1373,iSynCJ816.SGL_RS13580,408
1374,gene_1375,iSynCJ816.SGL_RS13900,74
1375,gene_1376,iSynCJ816.SGL_RS14820,76
1376,gene_1377,iSynCJ816.SGL_RS14865,241
1377,gene_1378,iSynCJ816.SGL_RS14930,219
1378,gene_1379,iSynCJ816.SGL_RS14955,233
1380,gene_1381,iSynCJ816.SGL_RS15455,515
1382,gene_1383,iSynCJ816.SGL_RS15845,595
1383,gene_1384,iSynCJ816.SGL_RS16015,225
1384,gene_1385,iSynCJ816.SGL_RS16080,45
1385,gene_1386,iSynCJ816.SGL_RS16100,654
1386,gene_1387,iSynCJ816.SGL_RS16190,63
1388,gene_1389,iSynCJ816.SGL_RS16610,47
1389,gene_1390,iSynCJ816.SGL_RS16700,242
1390,gene_1391,iSynCJ816.SGL_RS17200,239
1391,gene_1392,iSynCJ816.SGL_RS17215,420
1392,gene_1393,iSynCJ816.SGL_RS17225,212
1393,gene_1394,iSynCJ816.SGL_RS17290,353
1394,gene_1395,iSynCJ816.SGL_RS17635,286
1395,gene_1396,iSynCJ816.SGL_RS17655,50
1396,gene_1397,iYL1228.KPN_00030,373
1397,gene_1398,iYL1228.KPN_00060,263
1399,gene_1400,iYL1228.KPN_00075,179
1400,gene_1401,iYL1228.KPN_00169,462
1401,gene_1402,iYL1228.KPN_00312,94
1402,gene_1403,iYL1228.KPN_00323,273
1403,gene_1404,iYL1228.KPN_00329,259
1404,gene_1405,iYL1228.KPN_00440,54
1406,gene_1407,iYL1228.KPN_00771,59
1408,gene_1409,iYL1228.KPN_00863,55
1410,gene_1411,iYL1228.KPN_00931,897
1412,gene_1413,iYL1228.KPN_00937,161
1413,gene_1414,iYL1228.KPN_00941,307
1414,gene_1415,iYL1228.KPN_01042,341
1415,gene_1416,iYL1228.KPN_01104,77
1416,gene_1417,iYL1228.KPN_01603,76
1417,gene_1418,iYL1228.KPN_01640,370
1418,gene_1419,iYL1228.KPN_01975,324
1419,gene_1420,iYL1228.KPN_02235,137
1420,gene_1421,iYL1228.KPN_02238,93
1421,gene_1422,iYL1228.KPN_02373,100
1423,gene_1424,iYL1228.KPN_02741,414
1424,gene_1425,iYL1228.KPN_02824,352
1425,gene_1426,iYL1228.KPN_03008,107
1426,gene_1427,iYL1228.KPN_03108,191
1427,gene_1428,iYL1228.KPN_03153,674
1428,gene_1429,iYL1228.KPN_03216,364
1431,gene_1432,iYL1228.KPN_03519,512
1432,gene_1433,iYL1228.KPN_03520,510
1433,gene_1434,iYL1228.KPN_03606,160
1434,gene_1435,iYL1228.KPN_03690,212
1435,gene_1436,iYL1228.KPN_03755,391
1437,gene_1438,iYL1228.KPN_03760,233
1439,gene_1440,iYL1228.KPN_03794,684
1440,gene_1441,iYL1228.KPN_03983,183
1441,gene_1442,iYL1228.KPN_04155,44
1442,gene_1443,iYL1228.KPN_04203,305
1443,gene_1444,iYL1228.KPN_04282,110
1444,gene_1445,iYL1228.KPN_04591,297
1445,gene_1446,iYL1228.KPN_04645,132
1447,gene_1448,iYL1228.KPN_04847,81
1448,gene_1449,iYO844.BSU00090,667
1449,gene_1450,iYO844.BSU00110,358
1450,gene_1451,iYO844.BSU00180,177
1451,gene_1452,iYO844.BSU00270,216
1453,gene_1454,iYO844.BSU00680,182
1454,gene_1455,iYO844.BSU00910,206
1455,gene_1456,iYO844.BSU00920,248
1456,gene_1457,iYO844.BSU01370,176
1457,gene_1458,iYO844.BSU01530,112
1459,gene_1460,iYO844.BSU02390,405
1460,gene_1461,iYO844.BSU02750,144
1462,gene_1463,iYO844.BSU02860,78
1464,gene_1465,iYO844.BSU03220,360
1465,gene_1466,iYO844.BSU03590,39
1466,gene_1467,iYO844.BSU03860,58
1467,gene_1468,iYO844.BSU04560,294
1468,gene_1469,iYO844.BSU06150,137
1469,gene_1470,iYO844.BSU06450,259
1470,gene_1471,iYO844.BSU06490,450
1471,gene_1472,iYO844.BSU06500,367
1472,gene_1473,iYO844.BSU06660,397
1473,gene_1474,iYO844.BSU06990,77
1474,gene_1475,iYO844.BSU09240,84
1475,gene_1476,iYO844.BSU09310,544
1476,gene_1477,iYO844.BSU10020,332
1477,gene_1478,iYO844.BSU10270,236
1478,gene_1479,iYO844.BSU10790,461
1479,gene_1480,iYO844.BSU11250,337
1480,gene_1481,iYO844.BSU11340,487
1481,gene_1482,iYO844.BSU12300,540
1482,gene_1483,iYO844.BSU12380,379
1483,gene_1484,iYO844.BSU12390,506
1484,gene_1485,iYO844.BSU13300,223
1485,gene_1486,iYO844.BSU13900,70
1486,gene_1487,iYO844.BSU13910,413
1487,gene_1488,iYO844.BSU14510,193
1488,gene_1489,iYO844.BSU14520,404
1490,gene_1491,iYO844.BSU15020,167
1491,gene_1492,iYO844.BSU15190,234
1492,gene_1493,iYO844.BSU15220,278
1493,gene_1494,iYO844.BSU15530,186
1494,gene_1495,iYO844.BSU15540,284
1495,gene_1496,iYO844.BSU15650,634
1497,gene_1498,iYO844.BSU15700,326
1499,gene_1500,iYO844.BSU15910,275
1500,gene_1501,iYO844.BSU16530,240
1501,gene_1502,iYO844.BSU16730,94
1502,gene_1503,iYO844.BSU16920,140
1503,gene_1504,iYO844.BSU17410,63
1504,gene_1505,iYO844.BSU17460,506
1505,gene_1506,iYO844.BSU18450,1432
1506,gene_1507,iYO844.BSU20250,142
1508,gene_1509,iYO844.BSU22480,162
1509,gene_1510,iYO844.BSU22600,414
1511,gene_1512,iYO844.BSU22700,239
1512,gene_1513,iYO844.BSU22710,390
1513,gene_1514,iYO844.BSU22780,160
1514,gene_1515,iYO844.BSU22830,314
1515,gene_1516,iYO844.BSU22890,186
1516,gene_1517,iYO844.BSU23380,428
1517,gene_1518,iYO844.BSU23610,149
1520,gene_1521,iYO844.BSU23980,131
1521,gene_1522,iYO844.BSU24310,277
1522,gene_1523,iYO844.BSU24850,177
1523,gene_1524,iYO844.BSU24950,330
1524,gene_1525,iYO844.BSU25070,416
1526,gene_1527,iYO844.BSU25660,190
1527,gene_1528,iYO844.BSU27430,255
1528,gene_1529,iYO844.BSU27600,696
1529,gene_1530,iYO844.BSU28120,505
1531,gene_1532,iYO844.BSU28150,167
1532,gene_1533,iYO844.BSU28170,145
1533,gene_1534,iYO844.BSU28290,401
1534,gene_1535,iYO844.BSU28310,446
1536,gene_1537,iYO844.BSU28510,582
1537,gene_1538,iYO844.BSU28720,650
1538,gene_1539,iYO844.BSU28730,108
1539,gene_1540,iYO844.BSU28740,130
1540,gene_1541,iYO844.BSU28780,288
1541,gene_1542,iYO844.BSU28800,560
1542,gene_1543,iYO844.BSU29190,342
1543,gene_1544,iYO844.BSU29220,471
1544,gene_1545,iYO844.BSU29440,498
1545,gene_1546,iYO844.BSU30280,116
1546,gene_1547,iYO844.BSU30300,563
1547,gene_1548,iYO844.BSU30410,43
1548,gene_1549,iYO844.BSU30420,105
1549,gene_1550,iYO844.BSU30550,350
1550,gene_1551,iYO844.BSU30940,738
1551,gene_1552,iYO844.BSU30970,416
1552,gene_1553,iYO844.BSU30980,609
1553,gene_1554,iYO844.BSU31090,184
1554,gene_1555,iYO844.BSU31322,48
1555,gene_1556,iYO844.BSU31350,650
1556,gene_1557,iYO844.BSU31400,429
1558,gene_1559,iYO844.BSU33370,39
1559,gene_1560,iYO844.BSU33490,517
1560,gene_1561,iYO844.BSU33730,95
1561,gene_1562,iYO844.BSU33830,115
1562,gene_1563,iYO844.BSU33900,558
1563,gene_1564,iYO844.BSU33910,551
1564,gene_1565,iYO844.BSU34140,83
1565,gene_1566,iYO844.BSU34790,229
1567,gene_1568,iYO844.BSU34870,303
1568,gene_1569,iYO844.BSU34880,221
1569,gene_1570,iYO844.BSU34890,176
1570,gene_1571,iYO844.BSU35530,241
1572,gene_1573,iYO844.BSU35620,106
1573,gene_1574,iYO844.BSU35660,474
1574,gene_1575,iYO844.BSU35680,207
1575,gene_1576,iYO844.BSU35750,155
1576,gene_1577,iYO844.BSU35780,181
1577,gene_1578,iYO844.BSU36370,149
1578,gene_1579,iYO844.BSU36760,357
1580,gene_1581,iYO844.BSU36810,630
1581,gene_1582,iYO844.BSU36830,595
1582,gene_1583,iYO844.BSU36900,543
1583,gene_1584,iYO844.BSU37150,725
1584,gene_1585,iYO844.BSU38110,48
1585,gene_1586,iYO844.BSU38500,213
1587,gene_1588,iYO844.BSU38550,433
1588,gene_1589,iYO844.BSU38860,481
1589,gene_1590,iYO844.BSU39540,184
1591,gene_1592,iYO844.BSU40420,341
1592,gene_1593,iYO844.BSU40850,133
1593,gene_1594,iYS854.USA300HOU_RS00085,341
1594,gene_1595,iYS854.USA300HOU_RS00795,963
1595,gene_1596,iYS854.USA300HOU_RS01090,342
1596,gene_1597,iYS854.USA300HOU_RS01105,87
1597,gene_1598,iYS854.USA300HOU_RS01150,972
1600,gene_1601,iYS854.USA300HOU_RS01255,520
1601,gene_1602,iYS854.USA300HOU_RS01340,86
1603,gene_1604,iYS854.USA300HOU_RS01735,222
1604,gene_1605,iYS854.USA300HOU_RS02065,606
1606,gene_1607,iYS854.USA300HOU_RS02560,94
1607,gene_1608,iYS854.USA300HOU_RS02615,169
1608,gene_1609,iYS854.USA300HOU_RS02655,565
1609,gene_1610,iYS854.USA300HOU_RS02730,355
1610,gene_1611,iYS854.USA300HOU_RS03445,156
1611,gene_1612,iYS854.USA300HOU_RS03845,253
1612,gene_1613,iYS854.USA300HOU_RS03935,218
1614,gene_1615,iYS854.USA300HOU_RS04115,259
1615,gene_1616,iYS854.USA300HOU_RS04185,415
1617,gene_1618,iYS854.USA300HOU_RS04880,460
1618,gene_1619,iYS854.USA300HOU_RS04975,54
1619,gene_1620,iYS854.USA300HOU_RS05240,187
1620,gene_1621,iYS854.USA300HOU_RS05255,94
1621,gene_1622,iYS854.USA300HOU_RS05395,37
1622,gene_1623,iYS854.USA300HOU_RS05420,189
1623,gene_1624,iYS854.USA300HOU_RS05485,407
1624,gene_1625,iYS854.USA300HOU_RS05725,103
1625,gene_1626,iYS854.USA300HOU_RS05940,249
1626,gene_1627,iYS854.USA300HOU_RS06015,102
1627,gene_1628,iYS854.USA300HOU_RS06075,152
1628,gene_1629,iYS854.USA300HOU_RS06125,152
1629,gene_1630,iYS854.USA300HOU_RS06130,279
1630,gene_1631,iYS854.USA300HOU_RS06135,217
1632,gene_1633,iYS854.USA300HOU_RS06170,76
1633,gene_1634,iYS854.USA300HOU_RS06185,273
1634,gene_1635,iYS854.USA300HOU_RS06195,90
1635,gene_1636,iYS854.USA300HOU_RS06405,201
1636,gene_1637,iYS854.USA300HOU_RS06590,501
1637,gene_1638,iYS854.USA300HOU_RS06875,94
1638,gene_1639,iYS854.USA300HOU_RS06885,107
1640,gene_1641,iYS854.USA300HOU_RS07500,254
1641,gene_1642,iYS854.USA300HOU_RS07595,216
1642,gene_1643,iYS854.USA300HOU_RS07610,122
1643,gene_1644,iYS854.USA300HOU_RS08015,140
1644,gene_1645,iYS854.USA300HOU_RS08170,251
1645,gene_1646,iYS854.USA300HOU_RS08305,193
1646,gene_1647,iYS854.USA300HOU_RS08350,665
1647,gene_1648,iYS854.USA300HOU_RS08675,607
1648,gene_1649,iYS854.USA300HOU_RS08695,662
1649,gene_1650,iYS854.USA300HOU_RS08720,373
1650,gene_1651,iYS854.USA300HOU_RS08725,433
1651,gene_1652,iYS854.USA300HOU_RS08830,484
1652,gene_1653,iYS854.USA300HOU_RS08835,345
1653,gene_1654,iYS854.USA300HOU_RS08915,560
1655,gene_1656,iYS854.USA300HOU_RS09130,83
1656,gene_1657,iYS854.USA300HOU_RS09155,128
1657,gene_1658,iYS854.USA300HOU_RS09175,348
1658,gene_1659,iYS854.USA300HOU_RS09195,653
1659,gene_1660,iYS854.USA300HOU_RS09315,114
1660,gene_1661,iYS854.USA300HOU_RS09335,881
1661,gene_1662,iYS854.USA300HOU_RS09495,327
1662,gene_1663,iYS854.USA300HOU_RS09925,41
1663,gene_1664,iYS854.USA300HOU_RS09930,164
1664,gene_1665,iYS854.USA300HOU_RS10265,187
1667,gene_1668,iYS854.USA300HOU_RS10315,65
1668,gene_1669,iYS854.USA300HOU_RS10320,404
1670,gene_1671,iYS854.USA300HOU_RS10340,594
1671,gene_1672,iYS854.USA300HOU_RS11245,281
1672,gene_1673,iYS854.USA300HOU_RS11335,157
1674,gene_1675,iYS854.USA300HOU_RS11370,593
1675,gene_1676,iYS854.USA300HOU_RS11410,520
1676,gene_1677,iYS854.USA300HOU_RS11480,699
1677,gene_1678,iYS854.USA300HOU_RS12025,53
1678,gene_1679,iYS854.USA300HOU_RS12070,207
1679,gene_1680,iYS854.USA300HOU_RS12505,80
1680,gene_1681,iYS854.USA300HOU_RS13040,99
1681,gene_1682,iYS854.USA300HOU_RS13270,95
1682,gene_1683,iYS854.USA300HOU_RS13840,451
1683,gene_1684,iYS854.USA300HOU_RS14195,85
1684,gene_1685,iYS854.USA300HOU_RS14490,54
1685,gene_1686,iYS854.USA300HOU_RS14570,206
