,query_gene,BiGG_gene,score
0,gene_0,STM_v1_0.STM0047,61
1,gene_1,STM_v1_0.STM0054,379
2,gene_2,STM_v1_0.STM0055,475
3,gene_3,STM_v1_0.STM0106,102
4,gene_4,STM_v1_0.STM0137,45
5,gene_5,STM_v1_0.STM0163,271
6,gene_6,STM_v1_0.STM0207,107
7,gene_7,STM_v1_0.STM0221,193
8,gene_8,STM_v1_0.STM0247,293
9,gene_9,STM_v1_0.STM0322,346
10,gene_10,STM_v1_0.STM0380,259
11,gene_11,STM_v1_0.STM0386,179
12,gene_12,STM_v1_0.STM0422,427
13,gene_13,STM_v1_0.STM0429,69
14,gene_14,STM_v1_0.STM0457,83
15,gene_15,STM_v1_0.STM0488,205
16,gene_16,STM_v1_0.STM0643,65
17,gene_17,STM_v1_0.STM0644,221
18,gene_18,STM_v1_0.STM0659,266
19,gene_19,STM_v1_0.STM0686,584
20,gene_20,STM_v1_0.STM0774,128
22,gene_22,STM_v1_0.STM0878,125
23,gene_23,STM_v1_0.STM0887,117
24,gene_24,STM_v1_0.STM0890,111
25,gene_25,STM_v1_0.STM0891,39
26,gene_26,STM_v1_0.STM0963,231
27,gene_27,STM_v1_0.STM0965,71
28,gene_28,STM_v1_0.STM0973,871
29,gene_29,STM_v1_0.STM0984,289
30,gene_30,STM_v1_0.STM1101,121
31,gene_31,STM_v1_0.STM1193,192
33,gene_33,STM_v1_0.STM1221,109
34,gene_34,STM_v1_0.STM1340,147
35,gene_35,STM_v1_0.STM1358,207
36,gene_36,STM_v1_0.STM1385,77
37,gene_37,STM_v1_0.STM1449,290
38,gene_38,STM_v1_0.STM1497,71
39,gene_39,STM_v1_0.STM1686,62
40,gene_40,STM_v1_0.STM1718,83
41,gene_41,STM_v1_0.STM1742,299
42,gene_42,STM_v1_0.STM1743,326
43,gene_43,STM_v1_0.STM1750,144
45,gene_45,STM_v1_0.STM1818,146
46,gene_46,STM_v1_0.STM1884,152
47,gene_47,STM_v1_0.STM1933,212
48,gene_48,STM_v1_0.STM1954,115
49,gene_49,STM_v1_0.STM2018,72
50,gene_50,STM_v1_0.STM2019,459
51,gene_51,STM_v1_0.STM2026,109
52,gene_52,STM_v1_0.STM2028,139
53,gene_53,STM_v1_0.STM2029,244
54,gene_54,STM_v1_0.STM2032,205
55,gene_55,STM_v1_0.STM2035,233
56,gene_56,STM_v1_0.STM2064,77
57,gene_57,STM_v1_0.STM2082,153
58,gene_58,STM_v1_0.STM2095,394
60,gene_60,STM_v1_0.STM2188,241
61,gene_61,STM_v1_0.STM2189,501
62,gene_62,STM_v1_0.STM2190,178
63,gene_63,STM_v1_0.STM2332,142
64,gene_64,STM_v1_0.STM2354,77
66,gene_66,STM_v1_0.STM2427,505
67,gene_67,STM_v1_0.STM2431,70
68,gene_68,STM_v1_0.STM2432,390
69,gene_69,STM_v1_0.STM2433,120
70,gene_70,STM_v1_0.STM2529,73
71,gene_71,STM_v1_0.STM2543,183
72,gene_72,STM_v1_0.STM2555,456
73,gene_73,STM_v1_0.STM2573,44
74,gene_74,STM_v1_0.STM2649,94
75,gene_75,STM_v1_0.STM2662,102
76,gene_76,STM_v1_0.STM2774,209
77,gene_77,STM_v1_0.STM2788,266
79,gene_79,STM_v1_0.STM2954,154
80,gene_80,STM_v1_0.STM2973,405
81,gene_81,STM_v1_0.STM3002,71
82,gene_82,STM_v1_0.STM3103,160
83,gene_83,STM_v1_0.STM3137,478
84,gene_84,STM_v1_0.STM3190,64
85,gene_85,STM_v1_0.STM3225,372
86,gene_86,STM_v1_0.STM3257,340
87,gene_87,STM_v1_0.STM3339,169
88,gene_88,STM_v1_0.STM3351,378
89,gene_89,STM_v1_0.STM3352,475
90,gene_90,STM_v1_0.STM3356,118
91,gene_91,STM_v1_0.STM3407,237
92,gene_92,STM_v1_0.STM3409,220
93,gene_93,STM_v1_0.STM3500,731
94,gene_94,STM_v1_0.STM3506,47
95,gene_95,STM_v1_0.STM3514,646
96,gene_96,STM_v1_0.STM3534,630
97,gene_97,STM_v1_0.STM3538,635
98,gene_98,STM_v1_0.STM3541,315
99,gene_99,STM_v1_0.STM3553,97
100,gene_100,STM_v1_0.STM3554,224
101,gene_101,STM_v1_0.STM3557,60
102,gene_102,STM_v1_0.STM3560,245
103,gene_103,STM_v1_0.STM3561,251
104,gene_104,STM_v1_0.STM3562,171
105,gene_105,STM_v1_0.STM3576,41
106,gene_106,STM_v1_0.STM3630,64
107,gene_107,STM_v1_0.STM3671,42
108,gene_108,STM_v1_0.STM3704,528
109,gene_109,STM_v1_0.STM3719,59
110,gene_110,STM_v1_0.STM3725,156
111,gene_111,STM_v1_0.STM3731,119
112,gene_112,STM_v1_0.STM3802,516
113,gene_113,STM_v1_0.STM3865,560
114,gene_114,STM_v1_0.STM3867,480
115,gene_115,STM_v1_0.STM3884,58
116,gene_116,STM_v1_0.STM3915,99
118,gene_118,STM_v1_0.STM4086,646
119,gene_119,STM_v1_0.STM4162,69
120,gene_120,STM_v1_0.STM4299,241
121,gene_121,STM_v1_0.STM4366,286
122,gene_122,STM_v1_0.STM4451,123
123,gene_123,STM_v1_0.STM4452,404
124,gene_124,STM_v1_0.STM4465,426
125,gene_125,STM_v1_0.STM4469,392
126,gene_126,STM_v1_0.STM4483,211
127,gene_127,STM_v1_0.STM4570,187
128,gene_128,STM_v1_0.STM4585,85
129,gene_130,iAF692.Mbar_A0034,435
131,gene_132,iAF692.Mbar_A0086,209
132,gene_133,iAF692.Mbar_A0171,40
133,gene_134,iAF692.Mbar_A0218,498
134,gene_135,iAF692.Mbar_A0219,127
136,gene_137,iAF692.Mbar_A0227,546
137,gene_138,iAF692.Mbar_A0232,70
138,gene_139,iAF692.Mbar_A0255,36
139,gene_140,iAF692.Mbar_A0309,66
140,gene_141,iAF692.Mbar_A0403,276
141,gene_142,iAF692.Mbar_A0408,49
142,gene_143,iAF692.Mbar_A0541,238
144,gene_145,iAF692.Mbar_A0666,351
145,gene_146,iAF692.Mbar_A0742,63
146,gene_147,iAF692.Mbar_A0760,276
147,gene_148,iAF692.Mbar_A0995,109
148,gene_149,iAF692.Mbar_A1138,73
149,gene_150,iAF692.Mbar_A1195,387
150,gene_151,iAF692.Mbar_A1219,107
151,gene_152,iAF692.Mbar_A1223,523
152,gene_153,iAF692.Mbar_A1238,71
153,gene_154,iAF692.Mbar_A1305,99
154,gene_155,iAF692.Mbar_A1361,122
155,gene_156,iAF692.Mbar_A1365,87
156,gene_157,iAF692.Mbar_A1452,440
157,gene_158,iAF692.Mbar_A1586,512
158,gene_159,iAF692.Mbar_A1641,469
159,gene_160,iAF692.Mbar_A1731,58
160,gene_161,iAF692.Mbar_A1778,99
161,gene_162,iAF692.Mbar_A1781,345
162,gene_163,iAF692.Mbar_A1820,427
163,gene_164,iAF692.Mbar_A1823,72
164,gene_165,iAF692.Mbar_A1889,58
165,gene_166,iAF692.Mbar_A2023,53
166,gene_167,iAF692.Mbar_A2069,377
167,gene_168,iAF692.Mbar_A2079,37
168,gene_169,iAF692.Mbar_A2092,112
170,gene_171,iAF692.Mbar_A2179,152
171,gene_172,iAF692.Mbar_A2221,63
172,gene_173,iAF692.Mbar_A2316,456
173,gene_174,iAF692.Mbar_A2422,360
174,gene_175,iAF692.Mbar_A2616,59
175,gene_176,iAF692.Mbar_A2656,287
177,gene_178,iAF692.Mbar_A2943,132
178,gene_179,iAF692.Mbar_A3045,430
179,gene_180,iAF692.Mbar_A3173,242
180,gene_181,iAF692.Mbar_A3182,67
181,gene_182,iAF692.Mbar_A3319,182
182,gene_183,iAF692.Mbar_A3353,164
183,gene_184,iAF692.Mbar_A3423,333
184,gene_185,iAF692.Mbar_A3429,320
185,gene_186,iAF692.Mbar_A3463,404
186,gene_187,iAF692.Mbar_A3498,398
187,gene_188,iAF692.Mbar_A3512,248
188,gene_189,iAF987.Gmet_0043,97
189,gene_190,iAF987.Gmet_0058,600
190,gene_191,iAF987.Gmet_0059,202
191,gene_192,iAF987.Gmet_0069,84
192,gene_193,iAF987.Gmet_0078,107
193,gene_194,iAF987.Gmet_0103,130
194,gene_195,iAF987.Gmet_0205,264
195,gene_196,iAF987.Gmet_0209,460
196,gene_197,iAF987.Gmet_0213,419
197,gene_198,iAF987.Gmet_0300,92
198,gene_199,iAF987.Gmet_0301,233
199,gene_200,iAF987.Gmet_0302,153
200,gene_201,iAF987.Gmet_0337,47
201,gene_202,iAF987.Gmet_0351,863
202,gene_203,iAF987.Gmet_0383,179
203,gene_204,iAF987.Gmet_0384,419
204,gene_205,iAF987.Gmet_0386,182
205,gene_206,iAF987.Gmet_0388,181
206,gene_207,iAF987.Gmet_0389,242
207,gene_208,iAF987.Gmet_0406,277
208,gene_209,iAF987.Gmet_0408,273
209,gene_210,iAF987.Gmet_0466,37
210,gene_211,iAF987.Gmet_0467,220
211,gene_212,iAF987.Gmet_0477,171
212,gene_213,iAF987.Gmet_0481,179
213,gene_214,iAF987.Gmet_0483,253
214,gene_215,iAF987.Gmet_0484,155
215,gene_216,iAF987.Gmet_0485,231
216,gene_217,iAF987.Gmet_0486,269
217,gene_218,iAF987.Gmet_0504,233
218,gene_219,iAF987.Gmet_0547,247
219,gene_220,iAF987.Gmet_0552,330
220,gene_221,iAF987.Gmet_0602,365
221,gene_222,iAF987.Gmet_0647,205
222,gene_223,iAF987.Gmet_0662,41
223,gene_224,iAF987.Gmet_0684,298
224,gene_225,iAF987.Gmet_0700,160
225,gene_226,iAF987.Gmet_0782,186
226,gene_227,iAF987.Gmet_0816,46
227,gene_228,iAF987.Gmet_0819,454
228,gene_229,iAF987.Gmet_0865,178
229,gene_230,iAF987.Gmet_0885,116
230,gene_231,iAF987.Gmet_0902,443
231,gene_232,iAF987.Gmet_0903,355
232,gene_233,iAF987.Gmet_0916,303
233,gene_234,iAF987.Gmet_0928,249
234,gene_235,iAF987.Gmet_0940,671
235,gene_236,iAF987.Gmet_0941,140
236,gene_237,iAF987.Gmet_0957,198
237,gene_238,iAF987.Gmet_0978,213
238,gene_239,iAF987.Gmet_0981,99
239,gene_240,iAF987.Gmet_0987,182
240,gene_241,iAF987.Gmet_0991,137
241,gene_242,iAF987.Gmet_0992,207
242,gene_243,iAF987.Gmet_1036,159
243,gene_244,iAF987.Gmet_1037,149
244,gene_245,iAF987.Gmet_1038,198
245,gene_246,iAF987.Gmet_1043,75
246,gene_247,iAF987.Gmet_1062,83
247,gene_248,iAF987.Gmet_1159,261
248,gene_249,iAF987.Gmet_1168,150
249,gene_250,iAF987.Gmet_1179,81
250,gene_251,iAF987.Gmet_1186,555
251,gene_252,iAF987.Gmet_1188,60
252,gene_253,iAF987.Gmet_1216,287
253,gene_254,iAF987.Gmet_1254,193
255,gene_256,iAF987.Gmet_1260,495
256,gene_257,iAF987.Gmet_1261,119
257,gene_258,iAF987.Gmet_1262,398
258,gene_259,iAF987.Gmet_1293,222
259,gene_260,iAF987.Gmet_1298,67
261,gene_262,iAF987.Gmet_1350,80
262,gene_263,iAF987.Gmet_1353,342
263,gene_264,iAF987.Gmet_1415,353
264,gene_265,iAF987.Gmet_1416,431
265,gene_266,iAF987.Gmet_1434,353
268,gene_269,iAF987.Gmet_1531,103
269,gene_270,iAF987.Gmet_1548,54
270,gene_271,iAF987.Gmet_1558,392
271,gene_272,iAF987.Gmet_1568,73
272,gene_273,iAF987.Gmet_1573,80
273,gene_274,iAF987.Gmet_1593,117
274,gene_275,iAF987.Gmet_1599,194
275,gene_276,iAF987.Gmet_1601,242
276,gene_277,iAF987.Gmet_1603,440
277,gene_278,iAF987.Gmet_1605,468
278,gene_279,iAF987.Gmet_1629,239
279,gene_280,iAF987.Gmet_1640,280
280,gene_281,iAF987.Gmet_1706,110
281,gene_282,iAF987.Gmet_1736,179
282,gene_283,iAF987.Gmet_1762,225
283,gene_284,iAF987.Gmet_1770,266
284,gene_285,iAF987.Gmet_1790,86
285,gene_286,iAF987.Gmet_1802,140
286,gene_287,iAF987.Gmet_1819,254
287,gene_288,iAF987.Gmet_1841,42
288,gene_289,iAF987.Gmet_1844,333
289,gene_290,iAF987.Gmet_1880,383
290,gene_291,iAF987.Gmet_1884,57
291,gene_292,iAF987.Gmet_1888,147
292,gene_293,iAF987.Gmet_1903,107
293,gene_294,iAF987.Gmet_1914,78
294,gene_295,iAF987.Gmet_1917,75
295,gene_296,iAF987.Gmet_1919,73
296,gene_297,iAF987.Gmet_1934,436
297,gene_298,iAF987.Gmet_1935,204
298,gene_299,iAF987.Gmet_1939,428
299,gene_300,iAF987.Gmet_1953,60
300,gene_301,iAF987.Gmet_1986,154
301,gene_302,iAF987.Gmet_1987,143
302,gene_303,iAF987.Gmet_1991,65
303,gene_304,iAF987.Gmet_1994,439
304,gene_305,iAF987.Gmet_2054,268
305,gene_306,iAF987.Gmet_2066,296
306,gene_307,iAF987.Gmet_2071,211
307,gene_308,iAF987.Gmet_2094,148
308,gene_309,iAF987.Gmet_2095,253
309,gene_310,iAF987.Gmet_2257,150
310,gene_311,iAF987.Gmet_2349,303
311,gene_312,iAF987.Gmet_2372,500
312,gene_313,iAF987.Gmet_2390,451
313,gene_314,iAF987.Gmet_2391,402
314,gene_315,iAF987.Gmet_2399,146
315,gene_316,iAF987.Gmet_2425,71
316,gene_317,iAF987.Gmet_2444,47
317,gene_318,iAF987.Gmet_2465,89
318,gene_319,iAF987.Gmet_2476,246
319,gene_320,iAF987.Gmet_2559,41
320,gene_321,iAF987.Gmet_2629,196
321,gene_322,iAF987.Gmet_2731,92
322,gene_323,iAF987.Gmet_2732,81
323,gene_324,iAF987.Gmet_2767,503
324,gene_325,iAF987.Gmet_2822,451
325,gene_326,iAF987.Gmet_2849,149
326,gene_327,iAF987.Gmet_2853,400
327,gene_328,iAF987.Gmet_2903,138
328,gene_329,iAF987.Gmet_2907,253
329,gene_330,iAF987.Gmet_2909,214
330,gene_331,iAF987.Gmet_2988,153
331,gene_332,iAF987.Gmet_2999,216
332,gene_333,iAF987.Gmet_3012,84
333,gene_334,iAF987.Gmet_3026,103
334,gene_335,iAF987.Gmet_3085,181
335,gene_336,iAF987.Gmet_3203,552
336,gene_337,iAF987.Gmet_3243,155
338,gene_339,iAF987.Gmet_3260,303
339,gene_340,iAF987.Gmet_3272,193
340,gene_341,iAF987.Gmet_3294,281
341,gene_342,iAF987.Gmet_3304,281
342,gene_343,iAF987.Gmet_3339,260
343,gene_344,iAF987.Gmet_3406,580
344,gene_345,iAF987.Gmet_3408,630
345,gene_346,iAF987.Gmet_3469,159
346,gene_347,iAF987.Gmet_3470,66
347,gene_348,iAF987.Gmet_3508,52
348,gene_349,iAF987.Gmet_3509,164
349,gene_350,iAF987.Gmet_3528,229
350,gene_351,iAF987.Gmet_3529,85
351,gene_352,iAF987.Gmet_3535,229
352,gene_353,iAM_Pb448.PBANKA_083310,159
353,gene_354,iAM_Pb448.PBANKA_112620,81
354,gene_355,iAM_Pb448.PBANKA_113700,172
355,gene_356,iAM_Pb448.PBANKA_131810,254
356,gene_357,iAM_Pb448.PBANKA_135860,441
357,gene_358,iAM_Pb448.PBANKA_146280,87
358,gene_359,iAM_Pc455.PCYB_111980,169
359,gene_360,iAM_Pc455.PCYB_113330,109
360,gene_361,iAM_Pc455.PCYB_124360,45
361,gene_362,iAM_Pc455.PCYB_126090,248
362,gene_363,iAM_Pc455.PCYB_147430,88
363,gene_364,iAM_Pf480.PF3D7_0922900,101
364,gene_365,iAM_Pf480.PF3D7_1032400,64
365,gene_366,iAM_Pf480.PF3D7_1235700,553
366,gene_367,iAM_Pf480.PF3D7_1249900,82
367,gene_368,iAM_Pf480.PF3D7_1420900,47
369,gene_370,iAM_Pv461.PVX_001880,48
370,gene_371,iAM_Pv461.PVX_085660,84
371,gene_372,iAM_Pv461.PVX_099555,97
372,gene_373,iAM_Pv461.PVX_100735,550
373,gene_374,iAM_Pv461.PVX_101390,88
374,gene_375,iAM_Pv461.PVX_114480,81
375,gene_376,iAM_Pv461.PVX_115000,174
376,gene_377,iAM_Pv461.PVX_116900,46
377,gene_378,iAM_Pv461.PVX_117760,254
378,gene_379,iAT_PLT_636.3417,436
379,gene_380,iAT_PLT_636.3418,444
380,gene_381,iAT_PLT_636.4905,141
381,gene_382,iAT_PLT_636.506,569
382,gene_383,iAT_PLT_636.54981,40
383,gene_384,iAT_PLT_636.5834,662
384,gene_385,iAT_PLT_636.5836,626
385,gene_386,iAT_PLT_636.6532,125
386,gene_387,iAT_PLT_636.6534,123
387,gene_388,iAT_PLT_636.6539,112
388,gene_389,iCHOv1.100682535,225
390,gene_391,iCHOv1.100689232,41
391,gene_392,iCHOv1.100689436,395
392,gene_393,iCHOv1.100689446,365
393,gene_394,iCHOv1.100689464,67
394,gene_395,iCHOv1.100751055,125
395,gene_396,iCHOv1.100751193,68
396,gene_397,iCHOv1.100751791,202
397,gene_398,iCHOv1.100751825,277
398,gene_399,iCHOv1.100751894,40
399,gene_400,iCHOv1.100752162,248
400,gene_401,iCHOv1.100752285,74
401,gene_402,iCHOv1.100752445,115
402,gene_403,iCHOv1.100753544,129
403,gene_404,iCHOv1.100754706,125
404,gene_405,iCHOv1.100754792,364
405,gene_406,iCHOv1.100755105,243
406,gene_407,iCHOv1.100755392,47
407,gene_408,iCHOv1.100756130,198
408,gene_409,iCHOv1.100757328,55
409,gene_410,iCHOv1.100757350,673
410,gene_411,iCHOv1.100757362,123
411,gene_412,iCHOv1.100757895,135
412,gene_413,iCHOv1.100758958,438
413,gene_414,iCHOv1.100758970,43
414,gene_415,iCHOv1.100759374,124
415,gene_416,iCHOv1.100760370,110
416,gene_417,iCHOv1.100760751,311
417,gene_418,iCHOv1.100761226,111
418,gene_419,iCHOv1.100762480,207
419,gene_420,iCHOv1.100763024,569
420,gene_421,iCHOv1.100763494,42
421,gene_422,iCHOv1.100765478,111
422,gene_423,iCHOv1.100766065,75
424,gene_425,iCHOv1.100767455,80
425,gene_426,iCHOv1.100769016,246
426,gene_427,iCHOv1.100769186,654
427,gene_428,iCHOv1.100770033,261
428,gene_429,iCHOv1.100770348,45
429,gene_430,iCHOv1.100770431,466
431,gene_432,iCHOv1.100773599,103
432,gene_433,iCHOv1.103158535,444
433,gene_434,iCN718.ABAYE_RS00870,90
434,gene_435,iCN718.ABAYE_RS01085,89
435,gene_436,iCN718.ABAYE_RS01785,185
436,gene_437,iCN718.ABAYE_RS04335,243
437,gene_438,iCN718.ABAYE_RS04365,159
438,gene_439,iCN718.ABAYE_RS04470,361
439,gene_440,iCN718.ABAYE_RS04535,313
440,gene_441,iCN718.ABAYE_RS04620,637
441,gene_442,iCN718.ABAYE_RS04905,318
442,gene_443,iCN718.ABAYE_RS04960,321
443,gene_444,iCN718.ABAYE_RS05140,100
444,gene_445,iCN718.ABAYE_RS06300,454
445,gene_446,iCN718.ABAYE_RS06435,142
446,gene_447,iCN718.ABAYE_RS07235,176
447,gene_448,iCN718.ABAYE_RS07660,553
448,gene_449,iCN718.ABAYE_RS07975,165
450,gene_451,iCN718.ABAYE_RS09790,75
451,gene_452,iCN718.ABAYE_RS10200,37
453,gene_454,iCN718.ABAYE_RS12990,275
454,gene_455,iCN718.ABAYE_RS13010,361
455,gene_456,iCN718.ABAYE_RS13105,97
456,gene_457,iCN718.ABAYE_RS13345,56
457,gene_458,iCN718.ABAYE_RS13825,213
458,gene_459,iCN718.ABAYE_RS13845,74
459,gene_460,iCN718.ABAYE_RS13985,370
460,gene_461,iCN718.ABAYE_RS14065,496
461,gene_462,iCN718.ABAYE_RS14110,252
462,gene_463,iCN718.ABAYE_RS14155,70
463,gene_464,iCN718.ABAYE_RS14580,121
464,gene_465,iCN718.ABAYE_RS14895,126
465,gene_466,iCN718.ABAYE_RS15590,299
466,gene_467,iCN718.ABAYE_RS15595,389
467,gene_468,iCN718.ABAYE_RS15600,167
468,gene_469,iCN718.ABAYE_RS15605,254
469,gene_470,iCN718.ABAYE_RS15755,402
470,gene_471,iCN718.ABAYE_RS16270,54
471,gene_472,iCN718.ABAYE_RS16300,320
472,gene_473,iCN718.ABAYE_RS16380,478
473,gene_474,iCN718.ABAYE_RS16685,379
474,gene_475,iCN718.ABAYE_RS17470,446
475,gene_476,iCN718.ABAYE_RS17565,224
476,gene_477,iCN718.ABAYE_RS17600,511
477,gene_478,iCN718.ABAYE_RS18530,344
478,gene_479,iCN718.ABAYE_RS18840,101
479,gene_480,iCN718.ABAYE_RS18875,321
481,gene_482,iCN718.ABAYE_RS19060,85
482,gene_483,iCN718.ABAYE_RS19265,194
483,gene_484,iCN900.CD630_00140,229
484,gene_485,iCN900.CD630_00340,184
485,gene_486,iCN900.CD630_00480,191
486,gene_487,iCN900.CD630_00500,569
487,gene_488,iCN900.CD630_00510,167
488,gene_489,iCN900.CD630_00520,469
489,gene_490,iCN900.CD630_00540,273
490,gene_491,iCN900.CD630_00910,217
491,gene_492,iCN900.CD630_01000,308
492,gene_493,iCN900.CD630_01010,291
493,gene_494,iCN900.CD630_01020,256
494,gene_495,iCN900.CD630_01030,182
495,gene_496,iCN900.CD630_01190,360
496,gene_497,iCN900.CD630_01200,605
497,gene_498,iCN900.CD630_01230,257
498,gene_499,iCN900.CD630_01300,539
499,gene_500,iCN900.CD630_01840,352
500,gene_501,iCN900.CD630_01860,320
501,gene_502,iCN900.CD630_01870,207
502,gene_503,iCN900.CD630_01980,649
503,gene_504,iCN900.CD630_02200,407
504,gene_505,iCN900.CD630_02210,335
505,gene_506,iCN900.CD630_02220,163
506,gene_507,iCN900.CD630_02240,399
507,gene_508,iCN900.CD630_02250,1328
508,gene_509,iCN900.CD630_03130,613
510,gene_511,iCN900.CD630_03960,126
511,gene_512,iCN900.CD630_04050,169
512,gene_513,iCN900.CD630_04300,77
513,gene_514,iCN900.CD630_05740,538
514,gene_515,iCN900.CD630_05910,719
515,gene_516,iCN900.CD630_06570,53
516,gene_517,iCN900.CD630_06960,319
517,gene_518,iCN900.CD630_06970,180
518,gene_519,iCN900.CD630_06990,374
519,gene_520,iCN900.CD630_07180,704
520,gene_521,iCN900.CD630_07190,130
521,gene_522,iCN900.CD630_07200,252
522,gene_523,iCN900.CD630_07510,139
523,gene_524,iCN900.CD630_07520,285
524,gene_525,iCN900.CD630_07530,207
525,gene_526,iCN900.CD630_07540,312
526,gene_527,iCN900.CD630_07590,969
527,gene_528,iCN900.CD630_07600,157
528,gene_529,iCN900.CD630_08000,226
529,gene_530,iCN900.CD630_08330,226
530,gene_531,iCN900.CD630_08410,541
532,gene_533,iCN900.CD630_08680,43
533,gene_534,iCN900.CD630_08700,174
534,gene_535,iCN900.CD630_08820,393
535,gene_536,iCN900.CD630_08840,436
536,gene_537,iCN900.CD630_08850,690
537,gene_538,iCN900.CD630_08880,394
538,gene_539,iCN900.CD630_08900,326
539,gene_540,iCN900.CD630_08910,262
540,gene_541,iCN900.CD630_08930,272
541,gene_542,iCN900.CD630_08940,282
542,gene_543,iCN900.CD630_09000,105
543,gene_544,iCN900.CD630_09270,64
544,gene_545,iCN900.CD630_09890,528
545,gene_546,iCN900.CD630_09900,569
546,gene_547,iCN900.CD630_09910,210
547,gene_548,iCN900.CD630_09920,387
548,gene_549,iCN900.CD630_10030,303
549,gene_550,iCN900.CD630_10040,202
550,gene_551,iCN900.CD630_10050,460
551,gene_552,iCN900.CD630_10100,221
552,gene_553,iCN900.CD630_10110,253
553,gene_554,iCN900.CD630_10240,438
554,gene_555,iCN900.CD630_10250,249
555,gene_556,iCN900.CD630_10260,209
556,gene_557,iCN900.CD630_10270,289
558,gene_559,iCN900.CD630_10540,474
560,gene_561,iCN900.CD630_10560,281
561,gene_562,iCN900.CD630_10570,226
562,gene_563,iCN900.CD630_10580,262
563,gene_564,iCN900.CD630_10590,425
564,gene_565,iCN900.CD630_10600,105
565,gene_566,iCN900.CD630_10620,77
566,gene_567,iCN900.CD630_10780,165
567,gene_568,iCN900.CD630_11290,100
568,gene_569,iCN900.CD630_11530,124
569,gene_570,iCN900.CD630_11750,409
570,gene_571,iCN900.CD630_11780,293
571,gene_572,iCN900.CD630_11790,187
572,gene_573,iCN900.CD630_11800,316
573,gene_574,iCN900.CD630_11820,242
574,gene_575,iCN900.CD630_11840,403
575,gene_576,iCN900.CD630_11910,626
576,gene_577,iCN900.CD630_12050,199
577,gene_578,iCN900.CD630_12070,448
578,gene_579,iCN900.CD630_12200,131
579,gene_580,iCN900.CD630_12230,379
580,gene_581,iCN900.CD630_12240,272
581,gene_582,iCN900.CD630_12250,405
582,gene_583,iCN900.CD630_12260,112
583,gene_584,iCN900.CD630_12790,379
584,gene_585,iCN900.CD630_12820,896
585,gene_586,iCN900.CD630_13270,138
586,gene_587,iCN900.CD630_13320,256
587,gene_588,iCN900.CD630_13530,115
588,gene_589,iCN900.CD630_13820,649
589,gene_590,iCN900.CD630_14770,78
590,gene_591,iCN900.CD630_14780,103
591,gene_592,iCN900.CD630_14790,774
592,gene_593,iCN900.CD630_14890,159
593,gene_594,iCN900.CD630_14900,163
594,gene_595,iCN900.CD630_14910,139
595,gene_596,iCN900.CD630_14950,179
596,gene_597,iCN900.CD630_15020,241
597,gene_598,iCN900.CD630_15360,260
598,gene_599,iCN900.CD630_15370,585
599,gene_600,iCN900.CD630_15480,183
600,gene_601,iCN900.CD630_15500,177
601,gene_602,iCN900.CD630_15510,199
602,gene_603,iCN900.CD630_15530,269
603,gene_604,iCN900.CD630_15540,208
604,gene_605,iCN900.CD630_15660,469
605,gene_606,iCN900.CD630_15770,399
606,gene_607,iCN900.CD630_15800,221
607,gene_608,iCN900.CD630_15870,308
608,gene_609,iCN900.CD630_15890,45
609,gene_610,iCN900.CD630_15990,227
610,gene_611,iCN900.CD630_16000,176
611,gene_612,iCN900.CD630_16010,164
612,gene_613,iCN900.CD630_16140,126
615,gene_616,iCN900.CD630_16550,249
616,gene_617,iCN900.CD630_16740,194
617,gene_618,iCN900.CD630_16960,294
618,gene_619,iCN900.CD630_16970,239
619,gene_620,iCN900.CD630_17020,523
620,gene_621,iCN900.CD630_17030,63
621,gene_622,iCN900.CD630_17290,354
622,gene_623,iCN900.CD630_17750,149
623,gene_624,iCN900.CD630_17850,442
624,gene_625,iCN900.CD630_18060,282
625,gene_626,iCN900.CD630_18170,73
627,gene_628,iCN900.CD630_18250,454
628,gene_629,iCN900.CD630_18320,389
629,gene_630,iCN900.CD630_18330,206
630,gene_631,iCN900.CD630_18340,271
631,gene_632,iCN900.CD630_18350,297
632,gene_633,iCN900.CD630_18370,148
633,gene_634,iCN900.CD630_18390,190
634,gene_635,iCN900.CD630_19360,276
635,gene_636,iCN900.CD630_19370,264
636,gene_637,iCN900.CD630_19470,228
637,gene_638,iCN900.CD630_20140,653
638,gene_639,iCN900.CD630_20200,971
639,gene_640,iCN900.CD630_20310,350
640,gene_641,iCN900.CD630_20320,287
641,gene_642,iCN900.CD630_20330,326
642,gene_643,iCN900.CD630_20500,163
643,gene_644,iCN900.CD630_20540,57
644,gene_645,iCN900.CD630_20590,569
645,gene_646,iCN900.CD630_20740,166
646,gene_647,iCN900.CD630_20800,159
647,gene_648,iCN900.CD630_20810,171
648,gene_649,iCN900.CD630_20910,299
649,gene_650,iCN900.CD630_20990,790
650,gene_651,iCN900.CD630_21000,159
651,gene_652,iCN900.CD630_21010,169
652,gene_653,iCN900.CD630_21020,47
653,gene_654,iCN900.CD630_21070,365
654,gene_655,iCN900.CD630_21150,632
655,gene_656,iCN900.CD630_21170,219
656,gene_657,iCN900.CD630_21180,372
657,gene_658,iCN900.CD630_21190,204
658,gene_659,iCN900.CD630_21240,128
659,gene_660,iCN900.CD630_21280,382
660,gene_661,iCN900.CD630_21300,365
661,gene_662,iCN900.CD630_21350,124
662,gene_663,iCN900.CD630_21360,196
663,gene_664,iCN900.CD630_21380,251
664,gene_665,iCN900.CD630_21680,605
665,gene_666,iCN900.CD630_21720,263
666,gene_667,iCN900.CD630_22170,212
667,gene_668,iCN900.CD630_22450,577
668,gene_669,iCN900.CD630_22560,284
669,gene_670,iCN900.CD630_22690,608
670,gene_671,iCN900.CD630_22700,301
671,gene_672,iCN900.CD630_22760,330
672,gene_673,iCN900.CD630_23210,346
673,gene_674,iCN900.CD630_23220,303
674,gene_675,iCN900.CD630_23300,190
675,gene_676,iCN900.CD630_23350,743
676,gene_677,iCN900.CD630_23560,114
677,gene_678,iCN900.CD630_24100,1057
678,gene_679,iCN900.CD630_24910,187
679,gene_680,iCN900.CD630_24930,82
680,gene_681,iCN900.CD630_24960,266
681,gene_682,iCN900.CD630_25000,421
682,gene_683,iCN900.CD630_25100,556
683,gene_684,iCN900.CD630_25370,166
684,gene_685,iCN900.CD630_25490,171
685,gene_686,iCN900.CD630_25740,71
686,gene_687,iCN900.CD630_25750,189
687,gene_688,iCN900.CD630_25770,218
688,gene_689,iCN900.CD630_25840,236
689,gene_690,iCN900.CD630_25870,384
690,gene_691,iCN900.CD630_25940,299
691,gene_692,iCN900.CD630_25960,289
693,gene_694,iCN900.CD630_26230,126
694,gene_695,iCN900.CD630_26270,62
695,gene_696,iCN900.CD630_26300,318
696,gene_697,iCN900.CD630_26640,309
697,gene_698,iCN900.CD630_26760,394
698,gene_699,iCN900.CD630_26790,72
699,gene_700,iCN900.CD630_26820,1227
700,gene_701,iCN900.CD630_26910,209
701,gene_702,iCN900.CD630_26950,371
702,gene_703,iCN900.CD630_27140,443
703,gene_704,iCN900.CD630_27150,265
704,gene_705,iCN900.CD630_27260,488
705,gene_706,iCN900.CD630_27410,277
706,gene_707,iCN900.CD630_27420,108
707,gene_708,iCN900.CD630_27440,597
708,gene_709,iCN900.CD630_27550,422
709,gene_710,iCN900.CD630_27800,479
710,gene_711,iCN900.CD630_28280,325
711,gene_712,iCN900.CD630_28320,289
712,gene_713,iCN900.CD630_30270,114
713,gene_714,iCN900.CD630_30600,424
714,gene_715,iCN900.CD630_30680,93
716,gene_717,iCN900.CD630_30960,674
717,gene_718,iCN900.CD630_30970,417
718,gene_719,iCN900.CD630_31100,313
719,gene_720,iCN900.CD630_31240,620
720,gene_721,iCN900.CD630_31250,408
723,gene_724,iCN900.CD630_31700,525
724,gene_725,iCN900.CD630_31710,553
725,gene_726,iCN900.CD630_31720,258
726,gene_727,iCN900.CD630_31730,513
727,gene_728,iCN900.CD630_31740,418
728,gene_729,iCN900.CD630_31890,187
729,gene_730,iCN900.CD630_31950,498
730,gene_731,iCN900.CD630_32150,114
731,gene_732,iCN900.CD630_32230,278
732,gene_733,iCN900.CD630_32250,303
733,gene_734,iCN900.CD630_32530,285
734,gene_735,iCN900.CD630_32560,1000
735,gene_736,iCN900.CD630_32610,358
736,gene_737,iCN900.CD630_32620,184
737,gene_738,iCN900.CD630_32630,221
738,gene_739,iCN900.CD630_32680,169
739,gene_740,iCN900.CD630_32740,45
740,gene_741,iCN900.CD630_32760,179
741,gene_742,iCN900.CD630_32770,156
742,gene_743,iCN900.CD630_32780,57
743,gene_744,iCN900.CD630_32810,194
744,gene_745,iCN900.CD630_32850,513
745,gene_746,iCN900.CD630_32860,348
746,gene_747,iCN900.CD630_33080,151
748,gene_749,iCN900.CD630_33940,570
749,gene_750,iCN900.CD630_33950,334
750,gene_751,iCN900.CD630_34020,248
751,gene_752,iCN900.CD630_34140,55
752,gene_753,iCN900.CD630_34150,131
753,gene_754,iCN900.CD630_34160,172
754,gene_755,iCN900.CD630_34170,110
755,gene_756,iCN900.CD630_34220,151
756,gene_757,iCN900.CD630_34240,233
757,gene_758,iCN900.CD630_34260,268
758,gene_759,iCN900.CD630_34350,444
759,gene_760,iCN900.CD630_34400,115
760,gene_761,iCN900.CD630_34560,84
762,gene_763,iCN900.CD630_34600,294
763,gene_764,iCN900.CD630_34680,696
764,gene_765,iCN900.CD630_34690,232
765,gene_766,iCN900.CD630_34700,680
766,gene_767,iCN900.CD630_34710,92
767,gene_768,iCN900.CD630_34720,58
768,gene_769,iCN900.CD630_34730,61
769,gene_770,iCN900.CD630_34740,157
770,gene_771,iCN900.CD630_34790,280
771,gene_772,iCN900.CD630_34880,282
772,gene_773,iCN900.CD630_35150,137
773,gene_774,iCN900.CD630_35180,306
774,gene_775,iCN900.CD630_35270,108
775,gene_776,iCN900.CD630_35300,109
776,gene_777,iCN900.CD630_35430,308
777,gene_778,iCN900.CD630_35500,212
778,gene_779,iCN900.CD630_35520,538
779,gene_780,iCN900.CD630_35550,128
780,gene_781,iCN900.CD630_35620,234
781,gene_782,iCN900.CD630_35660,146
782,gene_783,iCN900.CD630_35880,1150
783,gene_784,iCN900.CD630_35890,346
784,gene_785,iCN900.CD630_35900,1136
785,gene_786,iCN900.CD630_35960,696
786,gene_787,iCN900.CD630_36270,226
787,gene_788,iCN900.CD630_36320,201
788,gene_789,iCN900.CD630_36550,297
789,gene_790,iCN900.CD630_36640,44
790,gene_791,iCN900.CD630_36700,303
791,gene_792,iEK1008.Rv0018c,140
792,gene_793,iEK1008.Rv0115,128
793,gene_794,iEK1008.Rv0125,107
794,gene_795,iEK1008.Rv0202c,46
795,gene_796,iEK1008.Rv0357c,286
796,gene_797,iEK1008.Rv0486,63
797,gene_798,iEK1008.Rv0684,825
798,gene_799,iEK1008.Rv0808,388
799,gene_800,iEK1008.Rv1308,492
800,gene_801,iEK1008.Rv1326c,629
801,gene_802,iEK1008.Rv1389,133
802,gene_803,iEK1008.Rv1605,241
803,gene_804,iEK1008.Rv1656,248
804,gene_805,iEK1008.Rv1712,186
805,gene_806,iEK1008.Rv1928c,102
806,gene_807,iEK1008.Rv2039c,184
807,gene_808,iEK1008.Rv2040c,184
808,gene_809,iEK1008.Rv2156c,74
809,gene_810,iEK1008.Rv2182c,67
810,gene_811,iEK1008.Rv2188c,71
811,gene_812,iEK1008.Rv2228c,43
812,gene_813,iEK1008.Rv2284,49
813,gene_814,iEK1008.Rv2316,130
814,gene_815,iEK1008.Rv2334,370
815,gene_816,iEK1008.Rv2397c,224
816,gene_817,iEK1008.Rv2435c,43
817,gene_818,iEK1008.Rv2447c,48
818,gene_819,iEK1008.Rv2581c,59
819,gene_820,iEK1008.Rv2584c,51
820,gene_821,iEK1008.Rv2691,79
821,gene_822,iEK1008.Rv2835c,171
822,gene_823,iEK1008.Rv2936,112
823,gene_824,iEK1008.Rv2981c,249
824,gene_825,iEK1008.Rv2996c,48
825,gene_826,iEK1008.Rv3002c,116
826,gene_827,iEK1008.Rv3010c,253
828,gene_829,iEK1008.Rv3089,137
829,gene_830,iEK1008.Rv3111,151
830,gene_831,iEK1008.Rv3113,61
831,gene_832,iEK1008.Rv3116,74
832,gene_833,iEK1008.Rv3206c,75
833,gene_834,iEK1008.Rv3265c,70
834,gene_835,iEK1008.Rv3275c,135
835,gene_836,iEK1008.Rv3285,42
836,gene_837,iEK1008.Rv3537,103
837,gene_838,iEK1008.Rv3624c,199
838,gene_839,iEK1008.Rv3709c,360
839,gene_840,iEK1008.Rv3710,486
840,gene_841,iEK1008.Rv3807c,52
841,gene_842,iEK1008.Rv3913,122
842,gene_843,iHN637.CLJU_RS00085,236
843,gene_844,iHN637.CLJU_RS00610,198
844,gene_845,iHN637.CLJU_RS00620,323
845,gene_846,iHN637.CLJU_RS00680,220
846,gene_847,iHN637.CLJU_RS00840,749
847,gene_848,iHN637.CLJU_RS01030,145
848,gene_849,iHN637.CLJU_RS01075,681
849,gene_850,iHN637.CLJU_RS01130,159
850,gene_851,iHN637.CLJU_RS01135,286
851,gene_852,iHN637.CLJU_RS01165,71
852,gene_853,iHN637.CLJU_RS01180,657
853,gene_854,iHN637.CLJU_RS01190,650
854,gene_855,iHN637.CLJU_RS01195,73
855,gene_856,iHN637.CLJU_RS01205,241
856,gene_857,iHN637.CLJU_RS01260,532
857,gene_858,iHN637.CLJU_RS01300,588
858,gene_859,iHN637.CLJU_RS01315,137
859,gene_860,iHN637.CLJU_RS01390,129
860,gene_861,iHN637.CLJU_RS01495,296
861,gene_862,iHN637.CLJU_RS01500,361
862,gene_863,iHN637.CLJU_RS01560,229
863,gene_864,iHN637.CLJU_RS01590,345
864,gene_865,iHN637.CLJU_RS02030,476
865,gene_866,iHN637.CLJU_RS02100,296
866,gene_867,iHN637.CLJU_RS02150,332
867,gene_868,iHN637.CLJU_RS02155,1106
868,gene_869,iHN637.CLJU_RS02205,51
869,gene_870,iHN637.CLJU_RS02275,311
870,gene_871,iHN637.CLJU_RS02395,46
871,gene_872,iHN637.CLJU_RS02400,42
872,gene_873,iHN637.CLJU_RS02615,538
873,gene_874,iHN637.CLJU_RS02625,325
874,gene_875,iHN637.CLJU_RS02630,241
876,gene_877,iHN637.CLJU_RS02730,540
877,gene_878,iHN637.CLJU_RS02740,323
878,gene_879,iHN637.CLJU_RS02745,239
879,gene_880,iHN637.CLJU_RS02945,229
880,gene_881,iHN637.CLJU_RS02950,353
881,gene_882,iHN637.CLJU_RS03245,171
883,gene_884,iHN637.CLJU_RS03265,491
884,gene_885,iHN637.CLJU_RS03270,669
885,gene_886,iHN637.CLJU_RS03295,439
886,gene_887,iHN637.CLJU_RS03300,439
887,gene_888,iHN637.CLJU_RS03400,588
888,gene_889,iHN637.CLJU_RS03520,238
889,gene_890,iHN637.CLJU_RS03525,199
890,gene_891,iHN637.CLJU_RS03675,271
891,gene_892,iHN637.CLJU_RS03805,563
892,gene_893,iHN637.CLJU_RS04010,1176
893,gene_894,iHN637.CLJU_RS04215,431
894,gene_895,iHN637.CLJU_RS04220,351
895,gene_896,iHN637.CLJU_RS04225,172
896,gene_897,iHN637.CLJU_RS04235,359
897,gene_898,iHN637.CLJU_RS04385,372
898,gene_899,iHN637.CLJU_RS04410,182
899,gene_900,iHN637.CLJU_RS04420,242
900,gene_901,iHN637.CLJU_RS04465,585
901,gene_902,iHN637.CLJU_RS04470,204
902,gene_903,iHN637.CLJU_RS04475,368
903,gene_904,iHN637.CLJU_RS04575,398
904,gene_905,iHN637.CLJU_RS04605,1296
905,gene_906,iHN637.CLJU_RS04950,244
906,gene_907,iHN637.CLJU_RS05135,410
907,gene_908,iHN637.CLJU_RS05190,316
908,gene_909,iHN637.CLJU_RS05195,265
909,gene_910,iHN637.CLJU_RS05255,113
910,gene_911,iHN637.CLJU_RS05470,464
911,gene_912,iHN637.CLJU_RS05505,120
912,gene_913,iHN637.CLJU_RS05525,217
913,gene_914,iHN637.CLJU_RS05570,278
914,gene_915,iHN637.CLJU_RS05575,170
915,gene_916,iHN637.CLJU_RS05585,145
916,gene_917,iHN637.CLJU_RS05590,144
917,gene_918,iHN637.CLJU_RS05595,126
918,gene_919,iHN637.CLJU_RS05660,1312
919,gene_920,iHN637.CLJU_RS05725,176
920,gene_921,iHN637.CLJU_RS05730,416
921,gene_922,iHN637.CLJU_RS05735,184
922,gene_923,iHN637.CLJU_RS05745,178
923,gene_924,iHN637.CLJU_RS05750,308
924,gene_925,iHN637.CLJU_RS05755,265
925,gene_926,iHN637.CLJU_RS05895,280
926,gene_927,iHN637.CLJU_RS06095,362
927,gene_928,iHN637.CLJU_RS06145,131
928,gene_929,iHN637.CLJU_RS06240,157
929,gene_930,iHN637.CLJU_RS06265,451
930,gene_931,iHN637.CLJU_RS06280,298
931,gene_932,iHN637.CLJU_RS06285,75
932,gene_933,iHN637.CLJU_RS06400,265
933,gene_934,iHN637.CLJU_RS06410,213
934,gene_935,iHN637.CLJU_RS06420,342
935,gene_936,iHN637.CLJU_RS06430,361
936,gene_937,iHN637.CLJU_RS06465,152
937,gene_938,iHN637.CLJU_RS06475,141
938,gene_939,iHN637.CLJU_RS06515,130
939,gene_940,iHN637.CLJU_RS06565,579
940,gene_941,iHN637.CLJU_RS06575,569
941,gene_942,iHN637.CLJU_RS06595,316
942,gene_943,iHN637.CLJU_RS06865,456
943,gene_944,iHN637.CLJU_RS07005,422
944,gene_945,iHN637.CLJU_RS07045,249
945,gene_946,iHN637.CLJU_RS08540,234
946,gene_947,iHN637.CLJU_RS08700,728
947,gene_948,iHN637.CLJU_RS08905,121
948,gene_949,iHN637.CLJU_RS08920,376
949,gene_950,iHN637.CLJU_RS08925,395
950,gene_951,iHN637.CLJU_RS09865,142
951,gene_952,iHN637.CLJU_RS09915,144
952,gene_953,iHN637.CLJU_RS10005,419
953,gene_954,iHN637.CLJU_RS10010,418
954,gene_955,iHN637.CLJU_RS10015,663
955,gene_956,iHN637.CLJU_RS10025,121
956,gene_957,iHN637.CLJU_RS10190,267
957,gene_958,iHN637.CLJU_RS10465,397
958,gene_959,iHN637.CLJU_RS10560,354
959,gene_960,iHN637.CLJU_RS10565,271
960,gene_961,iHN637.CLJU_RS10570,359
961,gene_962,iHN637.CLJU_RS10870,257
962,gene_963,iHN637.CLJU_RS10875,172
963,gene_964,iHN637.CLJU_RS10880,157
964,gene_965,iHN637.CLJU_RS11515,518
965,gene_966,iHN637.CLJU_RS11545,129
966,gene_967,iHN637.CLJU_RS11570,41
967,gene_968,iHN637.CLJU_RS11775,429
968,gene_969,iHN637.CLJU_RS11970,378
969,gene_970,iHN637.CLJU_RS12040,97
970,gene_971,iHN637.CLJU_RS12255,471
971,gene_972,iHN637.CLJU_RS12520,85
972,gene_973,iHN637.CLJU_RS13065,92
973,gene_974,iHN637.CLJU_RS13070,137
974,gene_975,iHN637.CLJU_RS13075,252
975,gene_976,iHN637.CLJU_RS13140,148
976,gene_977,iHN637.CLJU_RS13685,264
977,gene_978,iHN637.CLJU_RS13735,115
978,gene_979,iHN637.CLJU_RS13835,393
979,gene_980,iHN637.CLJU_RS14190,217
980,gene_981,iHN637.CLJU_RS14330,633
981,gene_982,iHN637.CLJU_RS14365,146
982,gene_983,iHN637.CLJU_RS14370,181
983,gene_984,iHN637.CLJU_RS14375,318
984,gene_985,iHN637.CLJU_RS14380,298
985,gene_986,iHN637.CLJU_RS14390,180
986,gene_987,iHN637.CLJU_RS14395,388
987,gene_988,iHN637.CLJU_RS14475,1208
988,gene_989,iHN637.CLJU_RS15025,231
989,gene_990,iHN637.CLJU_RS15095,359
990,gene_991,iHN637.CLJU_RS15695,149
991,gene_992,iHN637.CLJU_RS15710,261
992,gene_993,iHN637.CLJU_RS15730,216
993,gene_994,iHN637.CLJU_RS15740,233
994,gene_995,iHN637.CLJU_RS15745,264
995,gene_996,iHN637.CLJU_RS15780,428
996,gene_997,iHN637.CLJU_RS15830,253
998,gene_999,iHN637.CLJU_RS16285,225
999,gene_1000,iHN637.CLJU_RS16295,154
1000,gene_1001,iHN637.CLJU_RS16355,378
1001,gene_1002,iHN637.CLJU_RS16390,186
1002,gene_1003,iHN637.CLJU_RS16395,157
1003,gene_1004,iHN637.CLJU_RS16615,602
1004,gene_1005,iHN637.CLJU_RS16730,268
1005,gene_1006,iHN637.CLJU_RS16855,282
1006,gene_1007,iHN637.CLJU_RS16870,403
1007,gene_1008,iHN637.CLJU_RS16970,355
1008,gene_1009,iHN637.CLJU_RS17035,233
1009,gene_1010,iHN637.CLJU_RS17040,299
1010,gene_1011,iHN637.CLJU_RS17100,263
1011,gene_1012,iHN637.CLJU_RS17105,966
1012,gene_1013,iHN637.CLJU_RS17225,104
1013,gene_1014,iHN637.CLJU_RS17275,184
1015,gene_1016,iHN637.CLJU_RS17575,315
1016,gene_1017,iHN637.CLJU_RS17580,200
1017,gene_1018,iHN637.CLJU_RS17585,324
1018,gene_1019,iHN637.CLJU_RS17590,118
1019,gene_1020,iHN637.CLJU_RS17595,388
1020,gene_1021,iHN637.CLJU_RS17680,166
1021,gene_1022,iHN637.CLJU_RS18285,506
1022,gene_1023,iHN637.CLJU_RS18300,651
1023,gene_1024,iHN637.CLJU_RS18325,292
1024,gene_1025,iHN637.CLJU_RS18335,584
1025,gene_1026,iHN637.CLJU_RS18405,187
1026,gene_1027,iHN637.CLJU_RS18530,268
1027,gene_1028,iHN637.CLJU_RS18535,127
1028,gene_1029,iHN637.CLJU_RS18540,712
1029,gene_1030,iHN637.CLJU_RS18940,461
1030,gene_1031,iHN637.CLJU_RS19255,529
1031,gene_1032,iHN637.CLJU_RS19260,566
1032,gene_1033,iHN637.CLJU_RS19265,270
1033,gene_1034,iHN637.CLJU_RS19270,506
1034,gene_1035,iHN637.CLJU_RS19350,234
1035,gene_1036,iHN637.CLJU_RS19400,141
1036,gene_1037,iHN637.CLJU_RS19680,459
1037,gene_1038,iHN637.CLJU_RS19845,39
1038,gene_1039,iHN637.CLJU_RS19905,614
1039,gene_1040,iHN637.CLJU_RS19990,205
1040,gene_1041,iHN637.CLJU_RS19995,332
1041,gene_1042,iHN637.CLJU_RS20110,203
1042,gene_1043,iHN637.CLJU_RS20420,384
1043,gene_1044,iHN637.CLJU_RS20455,160
1044,gene_1045,iHN637.CLJU_RS20465,209
1045,gene_1046,iHN637.CLJU_RS20535,155
1046,gene_1047,iHN637.CLJU_RS20585,142
1047,gene_1048,iHN637.CLJU_RS20600,301
1048,gene_1049,iHN637.CLJU_RS20680,452
1049,gene_1050,iHN637.CLJU_RS20735,291
1050,gene_1051,iHN637.CLJU_RS20740,267
1051,gene_1052,iHN637.CLJU_RS20750,160
1052,gene_1053,iHN637.CLJU_RS20760,446
1053,gene_1054,iHN637.CLJU_RS20765,244
1054,gene_1055,iHN637.CLJU_RS20770,214
1055,gene_1056,iHN637.CLJU_RS20775,305
1056,gene_1057,iHN637.CLJU_RS20780,184
1057,gene_1058,iHN637.CLJU_RS20860,290
1058,gene_1059,iHN637.CLJU_RS20995,317
1059,gene_1060,iIS312.TCDM_08491,241
1060,gene_1061,iIS312.TCDM_14202,50
1061,gene_1062,iIT341.HP0089,112
1062,gene_1063,iIT341.HP0493,78
1063,gene_1064,iIT341.HP0680,479
1064,gene_1065,iIT341.HP0687,45
1065,gene_1066,iIT341.HP0819,77
1066,gene_1067,iIT341.HP0824,100
1067,gene_1068,iIT341.HP0857,117
1068,gene_1069,iIT341.HP1038,99
1069,gene_1070,iIT341.HP1099,158
1070,gene_1071,iIT341.HP1132,561
1071,gene_1072,iIT341.HP1134,489
1073,gene_1074,iIT341.HP1394,134
1074,gene_1075,iIT341.HP1576,264
1075,gene_1076,iJN1463.PP_0043,152
1076,gene_1077,iJN1463.PP_0065,218
1077,gene_1078,iJN1463.PP_0077,120
1078,gene_1079,iJN1463.PP_0112,133
1079,gene_1080,iJN1463.PP_0113,173
1080,gene_1081,iJN1463.PP_0114,273
1081,gene_1082,iJN1463.PP_0118,81
1082,gene_1083,iJN1463.PP_0129,70
1083,gene_1084,iJN1463.PP_0184,426
1084,gene_1085,iJN1463.PP_0219,165
1085,gene_1086,iJN1463.PP_0220,162
1086,gene_1087,iJN1463.PP_0225,283
1087,gene_1088,iJN1463.PP_0227,126
1088,gene_1089,iJN1463.PP_0240,85
1089,gene_1090,iJN1463.PP_0282,58
1090,gene_1091,iJN1463.PP_0289,186
1092,gene_1093,iJN1463.PP_0411,235
1093,gene_1094,iJN1463.PP_0416,79
1094,gene_1095,iJN1463.PP_0437,95
1095,gene_1096,iJN1463.PP_0527,435
1096,gene_1097,iJN1463.PP_0528,199
1097,gene_1098,iJN1463.PP_0671,474
1098,gene_1099,iJN1463.PP_0722,80
1099,gene_1100,iJN1463.PP_0735,74
1100,gene_1101,iJN1463.PP_0762,204
1102,gene_1103,iJN1463.PP_0833,368
1103,gene_1104,iJN1463.PP_0842,183
1104,gene_1105,iJN1463.PP_0843,137
1105,gene_1106,iJN1463.PP_0879,99
1106,gene_1107,iJN1463.PP_0914,182
1107,gene_1108,iJN1463.PP_0936,134
1108,gene_1109,iJN1463.PP_0953,125
1110,gene_1111,iJN1463.PP_0964,257
1111,gene_1112,iJN1463.PP_0965,173
1112,gene_1113,iJN1463.PP_0967,317
1113,gene_1114,iJN1463.PP_1025,481
1114,gene_1115,iJN1463.PP_1075,633
1115,gene_1116,iJN1463.PP_1137,249
1116,gene_1117,iJN1463.PP_1138,256
1117,gene_1118,iJN1463.PP_1139,184
1118,gene_1119,iJN1463.PP_1144,173
1119,gene_1120,iJN1463.PP_1167,387
1120,gene_1121,iJN1463.PP_1169,185
1121,gene_1122,iJN1463.PP_1280,312
1122,gene_1123,iJN1463.PP_1292,154
1123,gene_1124,iJN1463.PP_1323,110
1124,gene_1125,iJN1463.PP_1336,162
1126,gene_1127,iJN1463.PP_1416,249
1127,gene_1128,iJN1463.PP_1470,227
1129,gene_1130,iJN1463.PP_1494,91
1130,gene_1131,iJN1463.PP_1506,208
1131,gene_1132,iJN1463.PP_1612,486
1132,gene_1133,iJN1463.PP_1665,321
1133,gene_1134,iJN1463.PP_1672,79
1134,gene_1135,iJN1463.PP_1681,89
1135,gene_1136,iJN1463.PP_1722,104
1136,gene_1137,iJN1463.PP_1768,336
1137,gene_1138,iJN1463.PP_1783,373
1138,gene_1139,iJN1463.PP_1801,59
1139,gene_1140,iJN1463.PP_1805,320
1141,gene_1142,iJN1463.PP_1988,401
1142,gene_1143,iJN1463.PP_2008,245
1143,gene_1144,iJN1463.PP_2012,147
1144,gene_1145,iJN1463.PP_2123,193
1146,gene_1147,iJN1463.PP_2152,99
1147,gene_1148,iJN1463.PP_2407,102
1148,gene_1149,iJN1463.PP_2416,77
1149,gene_1150,iJN1463.PP_2443,369
1150,gene_1151,iJN1463.PP_2456,53
1151,gene_1152,iJN1463.PP_2469,349
1152,gene_1153,iJN1463.PP_2528,466
1153,gene_1154,iJN1463.PP_2668,130
1154,gene_1155,iJN1463.PP_2794,105
1155,gene_1156,iJN1463.PP_2872,59
1156,gene_1157,iJN1463.PP_2904,588
1157,gene_1158,iJN1463.PP_3285,47
1158,gene_1159,iJN1463.PP_3461,161
1159,gene_1160,iJN1463.PP_3633,238
1160,gene_1161,iJN1463.PP_3817,109
1161,gene_1162,iJN1463.PP_3844,210
1162,gene_1163,iJN1463.PP_4000,248
1163,gene_1164,iJN1463.PP_4029,58
1164,gene_1165,iJN1463.PP_4058,682
1165,gene_1166,iJN1463.PP_4059,145
1166,gene_1167,iJN1463.PP_4144,55
1167,gene_1168,iJN1463.PP_4210,238
1169,gene_1170,iJN1463.PP_4219,210
1171,gene_1172,iJN1463.PP_4473,369
1172,gene_1173,iJN1463.PP_4486,72
1173,gene_1174,iJN1463.PP_4636,394
1174,gene_1175,iJN1463.PP_4639,85
1175,gene_1176,iJN1463.PP_4653,348
1176,gene_1177,iJN1463.PP_4724,315
1177,gene_1178,iJN1463.PP_4736,100
1178,gene_1179,iJN1463.PP_4803,108
1179,gene_1180,iJN1463.PP_4811,319
1180,gene_1181,iJN1463.PP_4863,239
1181,gene_1182,iJN1463.PP_4865,167
1182,gene_1183,iJN1463.PP_4882,135
1183,gene_1184,iJN1463.PP_4889,290
1184,gene_1185,iJN1463.PP_4935,292
1185,gene_1186,iJN1463.PP_4943,68
1186,gene_1187,iJN1463.PP_5056,541
1187,gene_1188,iJN1463.PP_5123,162
1188,gene_1189,iJN1463.PP_5137,229
1189,gene_1190,iJN1463.PP_5168,239
1190,gene_1191,iJN1463.PP_5179,94
1191,gene_1192,iJN1463.PP_5217,378
1192,gene_1193,iJN1463.PP_5286,116
1193,gene_1194,iJN1463.PP_5346,496
1194,gene_1195,iJN1463.PP_5411,140
1195,gene_1196,iJN1463.PP_5413,555
1196,gene_1197,iJN1463.PP_5415,469
1197,gene_1198,iLB1027_lipid.PHATRDRAFT_16944,142
1198,gene_1199,iLB1027_lipid.PHATRDRAFT_19000,199
1199,gene_1200,iLB1027_lipid.PHATRDRAFT_20015,198
1200,gene_1201,iLB1027_lipid.PHATRDRAFT_20318,76
1201,gene_1202,iLB1027_lipid.PHATRDRAFT_20934,362
1202,gene_1203,iLB1027_lipid.PHATRDRAFT_22568,108
1203,gene_1204,iLB1027_lipid.PHATRDRAFT_23920,144
1204,gene_1205,iLB1027_lipid.PHATRDRAFT_31440,47
1205,gene_1206,iLB1027_lipid.PHATRDRAFT_47067,366
1206,gene_1207,iLB1027_lipid.PHATRDRAFT_50149,67
1207,gene_1208,iLB1027_lipid.PHATRDRAFT_50372,153
1208,gene_1209,iLB1027_lipid.PHATRDRAFT_54086,549
1209,gene_1210,iLB1027_lipid.PHATRDRAFT_9348,201
1210,gene_1211,iLJ478.TM0025,386
1211,gene_1212,iLJ478.TM0057,326
1212,gene_1213,iLJ478.TM0067,358
1213,gene_1214,iLJ478.TM0068,525
1214,gene_1215,iLJ478.TM0069,402
1215,gene_1216,iLJ478.TM0115,313
1216,gene_1217,iLJ478.TM0124,78
1217,gene_1218,iLJ478.TM0156,149
1218,gene_1219,iLJ478.TM0167,345
1219,gene_1220,iLJ478.TM0191,76
1220,gene_1221,iLJ478.TM0274,445
1221,gene_1222,iLJ478.TM0282,250
1222,gene_1223,iLJ478.TM0293,337
1223,gene_1224,iLJ478.TM0349,102
1224,gene_1225,iLJ478.TM0356,384
1225,gene_1226,iLJ478.TM0402,430
1226,gene_1227,iLJ478.TM0446,128
1227,gene_1228,iLJ478.TM0550,399
1228,gene_1229,iLJ478.TM0551,600
1229,gene_1230,iLJ478.TM0716,134
1230,gene_1231,iLJ478.TM0717,43
1231,gene_1232,iLJ478.TM0720,466
1233,gene_1234,iLJ478.TM0751,133
1234,gene_1235,iLJ478.TM0819,319
1235,gene_1236,iLJ478.TM0822,416
1237,gene_1238,iLJ478.TM0869,119
1238,gene_1239,iLJ478.TM0877,488
1239,gene_1240,iLJ478.TM0880,289
1240,gene_1241,iLJ478.TM0881,360
1241,gene_1242,iLJ478.TM0956,328
1242,gene_1243,iLJ478.TM1036,256
1243,gene_1244,iLJ478.TM1062,162
1244,gene_1245,iLJ478.TM1063,318
1245,gene_1246,iLJ478.TM1088,118
1246,gene_1247,iLJ478.TM1120,58
1247,gene_1248,iLJ478.TM1121,175
1248,gene_1249,iLJ478.TM1135,141
1249,gene_1250,iLJ478.TM1136,258
1250,gene_1251,iLJ478.TM1137,168
1251,gene_1252,iLJ478.TM1138,266
1252,gene_1253,iLJ478.TM1139,260
1253,gene_1254,iLJ478.TM1148,483
1254,gene_1255,iLJ478.TM1161,242
1255,gene_1256,iLJ478.TM1192,157
1256,gene_1257,iLJ478.TM1193,610
1258,gene_1259,iLJ478.TM1351,170
1259,gene_1260,iLJ478.TM1361,867
1260,gene_1261,iLJ478.TM1374,68
1261,gene_1262,iLJ478.TM1376,222
1262,gene_1263,iLJ478.TM1379,242
1263,gene_1264,iLJ478.TM1384,55
1264,gene_1265,iLJ478.TM1430,669
1265,gene_1266,iLJ478.TM1432,306
1266,gene_1267,iLJ478.TM1433,318
1267,gene_1268,iLJ478.TM1469,169
1268,gene_1269,iLJ478.TM1564,51
1269,gene_1270,iLJ478.TM1585,365
1270,gene_1271,iLJ478.TM1610,635
1271,gene_1272,iLJ478.TM1612,512
1272,gene_1273,iLJ478.TM1615,60
1273,gene_1274,iLJ478.TM1624,57
1274,gene_1275,iLJ478.TM1628,82
1275,gene_1276,iLJ478.TM1653,402
1276,gene_1277,iLJ478.TM1693,68
1277,gene_1278,iLJ478.TM1737,249
1278,gene_1279,iLJ478.TM1748,202
1279,gene_1280,iLJ478.TM1750,330
1280,gene_1281,iLJ478.TM1845,391
1281,gene_1282,iLJ478.TM1848,1076
1282,gene_1283,iLJ478.TM1878,124
1283,gene_1284,iML1515.b0066,96
1284,gene_1285,iML1515.b0078,116
1285,gene_1286,iML1515.b0089,81
1286,gene_1287,iML1515.b0159,108
1287,gene_1288,iML1515.b0174,195
1288,gene_1289,iML1515.b0199,290
1289,gene_1290,iML1515.b0243,331
1290,gene_1291,iML1515.b0273,388
1292,gene_1293,iML1515.b0366,90
1293,gene_1294,iML1515.b0381,256
1294,gene_1295,iML1515.b0386,187
1295,gene_1296,iML1515.b0420,427
1296,gene_1297,iML1515.b0474,205
1298,gene_1299,iML1515.b0589,138
1299,gene_1300,iML1515.b0650,261
1300,gene_1301,iML1515.b0652,87
1301,gene_1302,iML1515.b0757,129
1302,gene_1303,iML1515.b0766,59
1303,gene_1304,iML1515.b0783,155
1306,gene_1307,iML1515.b0826,71
1307,gene_1308,iML1515.b0827,209
1309,gene_1310,iML1515.b0844,85
1310,gene_1311,iML1515.b0855,117
1311,gene_1312,iML1515.b0860,116
1312,gene_1313,iML1515.b0863,117
1313,gene_1314,iML1515.b0895,74
1314,gene_1315,iML1515.b0903,879
1315,gene_1316,iML1515.b0914,288
1316,gene_1317,iML1515.b0933,106
1317,gene_1318,iML1515.b0968,49
1318,gene_1319,iML1515.b1010,69
1319,gene_1320,iML1515.b1091,200
1321,gene_1322,iML1515.b1103,94
1322,gene_1323,iML1515.b1126,96
1323,gene_1324,iML1515.b1207,79
1324,gene_1325,iML1515.b1238,136
1325,gene_1326,iML1515.b1243,251
1326,gene_1327,iML1515.b1246,330
1327,gene_1328,iML1515.b1270,82
1328,gene_1329,iML1515.b1308,67
1330,gene_1331,iML1515.b1330,124
1331,gene_1332,iML1515.b1341,93
1332,gene_1333,iML1515.b1400,48
1333,gene_1334,iML1515.b1490,66
1334,gene_1335,iML1515.b1521,390
1335,gene_1336,iML1515.b1535,67
1336,gene_1337,iML1515.b1589,74
1337,gene_1338,iML1515.b1616,151
1338,gene_1339,iML1515.b1617,471
1339,gene_1340,iML1515.b1655,83
1340,gene_1341,iML1515.b1693,199
1341,gene_1342,iML1515.b1711,150
1342,gene_1343,iML1515.b1727,83
1343,gene_1344,iML1515.b1771,271
1344,gene_1345,iML1515.b1805,147
1345,gene_1346,iML1515.b1821,86
1346,gene_1347,iML1515.b1850,148
1347,gene_1348,iML1515.b1856,84
1348,gene_1349,iML1515.b1858,82
1349,gene_1350,iML1515.b1917,247
1350,gene_1351,iML1515.b1918,166
1351,gene_1352,iML1515.b1920,124
1352,gene_1353,iML1515.b1985,208
1353,gene_1354,iML1515.b1991,213
1354,gene_1355,iML1515.b1993,65
1356,gene_1357,iML1515.b2036,481
1357,gene_1358,iML1515.b2039,399
1358,gene_1359,iML1515.b2047,120
1359,gene_1360,iML1515.b2053,415
1360,gene_1361,iML1515.b2148,242
1361,gene_1362,iML1515.b2149,501
1362,gene_1363,iML1515.b2150,175
1363,gene_1364,iML1515.b2166,70
1364,gene_1365,iML1515.b2173,90
1365,gene_1366,iML1515.b2291,145
1366,gene_1367,iML1515.b2309,75
1367,gene_1368,iML1515.b2366,524
1368,gene_1369,iML1515.b2411,508
1369,gene_1370,iML1515.b2415,70
1370,gene_1371,iML1515.b2416,385
1371,gene_1372,iML1515.b2417,117
1372,gene_1373,iML1515.b2428,301
1373,gene_1374,iML1515.b2430,355
1374,gene_1375,iML1515.b2499,337
1375,gene_1376,iML1515.b2529,128
1376,gene_1377,iML1515.b2530,180
1377,gene_1378,iML1515.b2551,467
1378,gene_1379,iML1515.b2582,92
1379,gene_1380,iML1515.b2615,137
1380,gene_1381,iML1515.b2690,79
1381,gene_1382,iML1515.b2700,116
1382,gene_1383,iML1515.b2710,160
1383,gene_1384,iML1515.b2781,160
1384,gene_1385,iML1515.b2799,409
1385,gene_1386,iML1515.b2842,102
1386,gene_1387,iML1515.b2843,318
1387,gene_1388,iML1515.b2883,46
1388,gene_1389,iML1515.b2954,155
1391,gene_1392,iML1515.b3012,186
1392,gene_1393,iML1515.b3040,63
1393,gene_1394,iML1515.b3089,360
1394,gene_1395,iML1515.b3091,482
1395,gene_1396,iML1515.b3092,487
1396,gene_1397,iML1515.b3132,366
1397,gene_1398,iML1515.b3189,231
1398,gene_1399,iML1515.b3201,125
1399,gene_1400,iML1515.b3225,162
1400,gene_1401,iML1515.b3248,135
1401,gene_1402,iML1515.b3290,217
1402,gene_1403,iML1515.b3291,85
1403,gene_1404,iML1515.b3371,98
1404,gene_1405,iML1515.b3403,729
1405,gene_1406,iML1515.b3409,47
1406,gene_1407,iML1515.b3417,645
1407,gene_1408,iML1515.b3428,627
1408,gene_1409,iML1515.b3432,635
1409,gene_1410,iML1515.b3449,102
1410,gene_1411,iML1515.b3453,62
1411,gene_1412,iML1515.b3454,243
1412,gene_1413,iML1515.b3455,256
1413,gene_1414,iML1515.b3456,167
1415,gene_1416,iML1515.b3567,305
1416,gene_1417,iML1515.b3577,43
1417,gene_1418,iML1515.b3590,78
1418,gene_1419,iML1515.b3612,522
1419,gene_1420,iML1515.b3628,54
1420,gene_1421,iML1515.b3634,159
1421,gene_1422,iML1515.b3640,119
1422,gene_1423,iML1515.b3697,133
1423,gene_1424,iML1515.b3730,131
1424,gene_1425,iML1515.b3732,561
1425,gene_1426,iML1515.b3734,478
1426,gene_1427,iML1515.b3751,60
1427,gene_1428,iML1515.b3781,99
1428,gene_1429,iML1515.b3789,366
1429,gene_1430,iML1515.b3856,98
1430,gene_1431,iML1515.b3904,285
1431,gene_1432,iML1515.b3926,644
1432,gene_1433,iML1515.b3992,73
1434,gene_1435,iML1515.b4090,149
1435,gene_1436,iML1515.b4120,249
1436,gene_1437,iML1515.b4167,114
1437,gene_1438,iML1515.b4173,222
1438,gene_1439,iML1515.b4177,285
1439,gene_1440,iML1515.b4237,125
1440,gene_1441,iML1515.b4238,410
1441,gene_1442,iML1515.b4254,404
1442,gene_1443,iML1515.b4266,209
1443,gene_1444,iML1515.b4352,82
1444,gene_1445,iML1515.b4374,129
1445,gene_1446,iML1515.b4384,190
1446,gene_1447,iML1515.b4476,315
1447,gene_1448,iMM1415.104245,122
1448,gene_1449,iMM1415.107272,313
1449,gene_1450,iMM1415.110006,124
1450,gene_1451,iMM1415.110095,657
1451,gene_1452,iMM1415.11303,125
1452,gene_1453,iMM1415.11431,105
1453,gene_1454,iMM1415.11946,473
1454,gene_1455,iMM1415.11947,569
1455,gene_1456,iMM1415.14387,249
1456,gene_1457,iMM1415.14411,117
1457,gene_1458,iMM1415.14412,105
1460,gene_1461,iMM1415.15487,72
1461,gene_1462,iMM1415.15567,125
1462,gene_1463,iMM1415.15926,439
1463,gene_1464,iMM1415.18195,142
1464,gene_1465,iMM1415.18563,43
1465,gene_1466,iMM1415.18670,219
1466,gene_1467,iMM1415.19309,676
1467,gene_1468,iMM1415.20512,67
1468,gene_1469,iMM1415.225994,39
1469,gene_1470,iMM1415.232333,111
1470,gene_1471,iMM1415.232714,240
1471,gene_1472,iMM1415.23923,46
1472,gene_1473,iMM1415.23945,79
1473,gene_1474,iMM1415.23959,127
1474,gene_1475,iMM1415.240332,138
1475,gene_1476,iMM1415.243616,130
1476,gene_1477,iMM1415.269951,447
1477,gene_1478,iMM1415.320685,201
1478,gene_1479,iMM1415.56185,110
1479,gene_1480,iMM1415.66646,214
1481,gene_1482,iMM1415.72269,111
1482,gene_1483,iMM904.YAR015W,276
1483,gene_1484,iMM904.YBL099W,473
1484,gene_1485,iMM904.YBR034C,43
1486,gene_1487,iMM904.YDL055C,48
1487,gene_1488,iMM904.YDL066W,452
1488,gene_1489,iMM904.YDR158W,259
1489,gene_1490,iMM904.YER081W,49
1490,gene_1491,iMM904.YGL256W,174
1491,gene_1492,iMM904.YIL074C,48
1492,gene_1493,iMM904.YJR121W,579
1493,gene_1494,iMM904.YML054C,101
1494,gene_1495,iMM904.YML059C,51
1495,gene_1496,iMM904.YOR128C,135
1496,gene_1497,iMM904.YPL057C,48
1498,gene_1499,iNF517.LLMG_RS00415,106
1499,gene_1500,iNF517.LLMG_RS00430,396
1500,gene_1501,iNF517.LLMG_RS00495,489
1501,gene_1502,iNF517.LLMG_RS00670,67
1502,gene_1503,iNF517.LLMG_RS00675,390
1504,gene_1505,iNF517.LLMG_RS01055,447
1505,gene_1506,iNF517.LLMG_RS01090,383
1506,gene_1507,iNF517.LLMG_RS01180,477
1507,gene_1508,iNF517.LLMG_RS01465,422
1508,gene_1509,iNF517.LLMG_RS01625,104
1509,gene_1510,iNF517.LLMG_RS01755,110
1510,gene_1511,iNF517.LLMG_RS01855,244
1511,gene_1512,iNF517.LLMG_RS01970,162
1512,gene_1513,iNF517.LLMG_RS01990,100
1513,gene_1514,iNF517.LLMG_RS01995,527
1514,gene_1515,iNF517.LLMG_RS02055,319
1515,gene_1516,iNF517.LLMG_RS02290,381
1516,gene_1517,iNF517.LLMG_RS02315,77
1517,gene_1518,iNF517.LLMG_RS02630,238
1518,gene_1519,iNF517.LLMG_RS02785,379
1519,gene_1520,iNF517.LLMG_RS02890,147
1520,gene_1521,iNF517.LLMG_RS02930,483
1521,gene_1522,iNF517.LLMG_RS02940,323
1522,gene_1523,iNF517.LLMG_RS03215,488
1523,gene_1524,iNF517.LLMG_RS03315,500
1524,gene_1525,iNF517.LLMG_RS03735,223
1525,gene_1526,iNF517.LLMG_RS03765,84
1526,gene_1527,iNF517.LLMG_RS03940,219
1527,gene_1528,iNF517.LLMG_RS03945,306
1528,gene_1529,iNF517.LLMG_RS04060,326
1529,gene_1530,iNF517.LLMG_RS04065,42
1530,gene_1531,iNF517.LLMG_RS04525,211
1531,gene_1532,iNF517.LLMG_RS04530,352
1532,gene_1533,iNF517.LLMG_RS04660,219
1533,gene_1534,iNF517.LLMG_RS04970,417
1534,gene_1535,iNF517.LLMG_RS05020,339
1536,gene_1537,iNF517.LLMG_RS05380,375
1537,gene_1538,iNF517.LLMG_RS05530,1072
1538,gene_1539,iNF517.LLMG_RS05965,55
1539,gene_1540,iNF517.LLMG_RS06000,492
1540,gene_1541,iNF517.LLMG_RS06045,163
1541,gene_1542,iNF517.LLMG_RS06540,256
1542,gene_1543,iNF517.LLMG_RS06560,180
1543,gene_1544,iNF517.LLMG_RS06565,382
1544,gene_1545,iNF517.LLMG_RS06585,294
1545,gene_1546,iNF517.LLMG_RS06665,238
1547,gene_1548,iNF517.LLMG_RS06750,234
1548,gene_1549,iNF517.LLMG_RS07195,270
1549,gene_1550,iNF517.LLMG_RS07220,175
1550,gene_1551,iNF517.LLMG_RS07275,378
1551,gene_1552,iNF517.LLMG_RS07320,103
1552,gene_1553,iNF517.LLMG_RS07670,277
1553,gene_1554,iNF517.LLMG_RS07695,227
1554,gene_1555,iNF517.LLMG_RS07700,537
1556,gene_1557,iNF517.LLMG_RS08000,117
1557,gene_1558,iNF517.LLMG_RS08030,671
1558,gene_1559,iNF517.LLMG_RS08170,184
1559,gene_1560,iNF517.LLMG_RS08440,72
1560,gene_1561,iNF517.LLMG_RS08455,242
1561,gene_1562,iNF517.LLMG_RS08710,170
1562,gene_1563,iNF517.LLMG_RS08750,801
1563,gene_1564,iNF517.LLMG_RS08920,284
1564,gene_1565,iNF517.LLMG_RS08925,273
1565,gene_1566,iNF517.LLMG_RS08950,222
1566,gene_1567,iNF517.LLMG_RS08955,209
1567,gene_1568,iNF517.LLMG_RS08965,186
1568,gene_1569,iNF517.LLMG_RS08975,194
1569,gene_1570,iNF517.LLMG_RS09360,375
1570,gene_1571,iNF517.LLMG_RS09365,648
1571,gene_1572,iNF517.LLMG_RS09700,218
1573,gene_1574,iNF517.LLMG_RS09720,273
1574,gene_1575,iNF517.LLMG_RS09735,555
1575,gene_1576,iNF517.LLMG_RS09740,167
1576,gene_1577,iNF517.LLMG_RS09745,492
1577,gene_1578,iNF517.LLMG_RS09915,272
1578,gene_1579,iNF517.LLMG_RS10005,276
1579,gene_1580,iNF517.LLMG_RS10360,139
1580,gene_1581,iNF517.LLMG_RS10755,42
1581,gene_1582,iNF517.LLMG_RS10780,134
1582,gene_1583,iNF517.LLMG_RS10835,319
1583,gene_1584,iNF517.LLMG_RS10940,282
1584,gene_1585,iNF517.LLMG_RS11030,339
1585,gene_1586,iNF517.LLMG_RS11055,317
1586,gene_1587,iNF517.LLMG_RS11155,137
1587,gene_1588,iNF517.LLMG_RS11205,443
1588,gene_1589,iNF517.LLMG_RS11220,66
1589,gene_1590,iNF517.LLMG_RS11240,237
1590,gene_1591,iNF517.LLMG_RS11535,215
1591,gene_1592,iNF517.LLMG_RS11835,197
1592,gene_1593,iNF517.LLMG_RS11965,414
1593,gene_1594,iNF517.LLMG_RS12010,75
1594,gene_1595,iNF517.LLMG_RS12290,482
1595,gene_1596,iNF517.LLMG_RS12440,271
1596,gene_1597,iNF517.LLMG_RS12755,395
1597,gene_1598,iPC815.YPO0047,121
1598,gene_1599,iPC815.YPO0053,155
1599,gene_1600,iPC815.YPO0132,46
1600,gene_1601,iPC815.YPO0138,744
1601,gene_1602,iPC815.YPO0156,82
1602,gene_1603,iPC815.YPO0239,218
1603,gene_1604,iPC815.YPO0241,240
1605,gene_1606,iPC815.YPO0329,439
1606,gene_1607,iPC815.YPO0378,288
1607,gene_1608,iPC815.YPO0411,48
1608,gene_1609,iPC815.YPO0425,75
1609,gene_1610,iPC815.YPO0440,192
1610,gene_1611,iPC815.YPO0520,94
1611,gene_1612,iPC815.YPO0565,49
1612,gene_1613,iPC815.YPO0579,474
1613,gene_1614,iPC815.YPO0581,470
1614,gene_1615,iPC815.YPO0584,380
1615,gene_1616,iPC815.YPO0832,354
1616,gene_1617,iPC815.YPO0945,160
1617,gene_1618,iPC815.YPO0995,73
1618,gene_1619,iPC815.YPO1060,268
1619,gene_1620,iPC815.YPO1073,292
1620,gene_1621,iPC815.YPO1106,142
1621,gene_1622,iPC815.YPO1137,124
1622,gene_1623,iPC815.YPO1176,45
1623,gene_1624,iPC815.YPO1198,110
1624,gene_1625,iPC815.YPO1332,117
1625,gene_1626,iPC815.YPO1379,240
1627,gene_1628,iPC815.YPO1389,313
1628,gene_1629,iPC815.YPO1395,290
1629,gene_1630,iPC815.YPO1507,178
1630,gene_1631,iPC815.YPO1508,484
1631,gene_1632,iPC815.YPO1509,225
1632,gene_1633,iPC815.YPO1569,100
1633,gene_1634,iPC815.YPO1597,186
1634,gene_1635,iPC815.YPO1615,128
1635,gene_1636,iPC815.YPO1758,85
1637,gene_1638,iPC815.YPO1914,269
1638,gene_1639,iPC815.YPO1926,265
1640,gene_1641,iPC815.YPO2060,83
1641,gene_1642,iPC815.YPO2067,160
1643,gene_1644,iPC815.YPO2176,146
1645,gene_1646,iPC815.YPO2295,134
1646,gene_1647,iPC815.YPO2369,294
1647,gene_1648,iPC815.YPO2421,110
1648,gene_1649,iPC815.YPO2425,144
1649,gene_1650,iPC815.YPO2514,100
1650,gene_1651,iPC815.YPO2539,222
1651,gene_1652,iPC815.YPO2559,142
1652,gene_1653,iPC815.YPO2607,95
1653,gene_1654,iPC815.YPO2628,360
1654,gene_1655,iPC815.YPO2630,583
1655,gene_1656,iPC815.YPO2828,347
1656,gene_1657,iPC815.YPO2896,192
1657,gene_1658,iPC815.YPO2907,451
1658,gene_1659,iPC815.YPO2993,68
1659,gene_1660,iPC815.YPO2995,116
1660,gene_1661,iPC815.YPO3076,128
1661,gene_1662,iPC815.YPO3118,209
1662,gene_1663,iPC815.YPO3144,250
1663,gene_1664,iPC815.YPO3172,87
1664,gene_1665,iPC815.YPO3177,420
1665,gene_1666,iPC815.YPO3221,335
1666,gene_1667,iPC815.YPO3318,43
1667,gene_1668,iPC815.YPO3324,70
1668,gene_1669,iPC815.YPO3378,147
1669,gene_1670,iPC815.YPO3446,393
1670,gene_1671,iPC815.YPO3454,409
1672,gene_1673,iPC815.YPO3796,63
1673,gene_1674,iPC815.YPO3804,238
1674,gene_1675,iPC815.YPO3805,251
1675,gene_1676,iPC815.YPO3806,174
1676,gene_1677,iPC815.YPO3820,39
1677,gene_1678,iPC815.YPO3861,378
1678,gene_1679,iPC815.YPO3868,92
1679,gene_1680,iPC815.YPO3938,506
1680,gene_1681,iPC815.YPO3942,662
1681,gene_1682,iPC815.YPO3964,307
1682,gene_1683,iPC815.YPO4003,64
1684,gene_1685,iPC815.YPO4121,566
1685,gene_1686,iPC815.YPO4123,474
1686,gene_1687,iSDY_1059.SDY_0059,141
1687,gene_1688,iSDY_1059.SDY_0093,95
1688,gene_1689,iSDY_1059.SDY_0108,119
1689,gene_1690,iSDY_1059.SDY_0175,108
1690,gene_1691,iSDY_1059.SDY_0190,195
1691,gene_1692,iSDY_1059.SDY_0218,292
1692,gene_1693,iSDY_1059.SDY_0310,426
1693,gene_1694,iSDY_1059.SDY_0356,188
1694,gene_1695,iSDY_1059.SDY_0358,81
1695,gene_1696,iSDY_1059.SDY_0365,255
1696,gene_1697,iSDY_1059.SDY_0445,202
1697,gene_1698,iSDY_1059.SDY_0473,334
1698,gene_1699,iSDY_1059.SDY_0504,87
1699,gene_1700,iSDY_1059.SDY_0520,139
1700,gene_1701,iSDY_1059.SDY_0614,584
1701,gene_1702,iSDY_1059.SDY_0704,127
1702,gene_1703,iSDY_1059.SDY_0740,128
1703,gene_1704,iSDY_1059.SDY_0756,128
1704,gene_1705,iSDY_1059.SDY_0760,206
1705,gene_1706,iSDY_1059.SDY_0761,72
1707,gene_1708,iSDY_1059.SDY_0823,154
1709,gene_1710,iSDY_1059.SDY_0943,49
1710,gene_1711,iSDY_1059.SDY_0985,69
1711,gene_1712,iSDY_1059.SDY_1025,207
1712,gene_1713,iSDY_1059.SDY_1136,150
1713,gene_1714,iSDY_1059.SDY_1145,79
1714,gene_1715,iSDY_1059.SDY_1290,135
1715,gene_1716,iSDY_1059.SDY_1301,250
1716,gene_1717,iSDY_1059.SDY_1304,335
1717,gene_1718,iSDY_1059.SDY_1340,82
1718,gene_1719,iSDY_1059.SDY_1567,74
1719,gene_1720,iSDY_1059.SDY_1709,147
1720,gene_1721,iSDY_1059.SDY_1806,149
1721,gene_1722,iSDY_1059.SDY_1860,292
1722,gene_1723,iSDY_1059.SDY_1936,68
1723,gene_1724,iSDY_1059.SDY_2026,97
1724,gene_1725,iSDY_1059.SDY_2043,130
1726,gene_1727,iSDY_1059.SDY_2059,200
1727,gene_1728,iSDY_1059.SDY_2206,394
1728,gene_1729,iSDY_1059.SDY_2240,72
1729,gene_1730,iSDY_1059.SDY_2344,288
1730,gene_1731,iSDY_1059.SDY_2358,877
1731,gene_1732,iSDY_1059.SDY_2487,143
1732,gene_1733,iSDY_1059.SDY_2508,74
1733,gene_1734,iSDY_1059.SDY_2561,523
1734,gene_1735,iSDY_1059.SDY_2608,501
1735,gene_1736,iSDY_1059.SDY_2612,70
1736,gene_1737,iSDY_1059.SDY_2613,386
1737,gene_1738,iSDY_1059.SDY_2614,117
1738,gene_1739,iSDY_1059.SDY_2624,304
1739,gene_1740,iSDY_1059.SDY_2688,336
1740,gene_1741,iSDY_1059.SDY_2725,128
1741,gene_1742,iSDY_1059.SDY_2726,186
1742,gene_1743,iSDY_1059.SDY_2741,466
1743,gene_1744,iSDY_1059.SDY_2788,137
1744,gene_1745,iSDY_1059.SDY_2825,92
1745,gene_1746,iSDY_1059.SDY_2837,90
1746,gene_1747,iSDY_1059.SDY_2887,73
1747,gene_1748,iSDY_1059.SDY_2912,609
1748,gene_1749,iSDY_1059.SDY_2998,162
1749,gene_1750,iSDY_1059.SDY_3016,410
1750,gene_1751,iSDY_1059.SDY_3118,154
1751,gene_1752,iSDY_1059.SDY_3200,67
1752,gene_1753,iSDY_1059.SDY_3274,359
1753,gene_1754,iSDY_1059.SDY_3276,480
1754,gene_1755,iSDY_1059.SDY_3382,125
1755,gene_1756,iSDY_1059.SDY_3400,162
1756,gene_1757,iSDY_1059.SDY_3464,241
1757,gene_1758,iSDY_1059.SDY_3466,217
1758,gene_1759,iSDY_1059.SDY_3574,628
1759,gene_1760,iSDY_1059.SDY_3578,633
1760,gene_1761,iSDY_1059.SDY_3587,314
1761,gene_1762,iSDY_1059.SDY_3603,239
1762,gene_1763,iSDY_1059.SDY_3604,249
1763,gene_1764,iSDY_1059.SDY_3605,169
1764,gene_1765,iSDY_1059.SDY_3620,38
1765,gene_1766,iSDY_1059.SDY_3659,644
1766,gene_1767,iSDY_1059.SDY_3667,47
1767,gene_1768,iSDY_1059.SDY_3673,728
1768,gene_1769,iSDY_1059.SDY_3734,75
1769,gene_1770,iSDY_1059.SDY_3818,644
1770,gene_1771,iSDY_1059.SDY_3844,278
1771,gene_1772,iSDY_1059.SDY_3889,96
1772,gene_1773,iSDY_1059.SDY_3959,363
1773,gene_1774,iSDY_1059.SDY_3968,99
1774,gene_1775,iSDY_1059.SDY_4014,478
1775,gene_1776,iSDY_1059.SDY_4016,561
1776,gene_1777,iSDY_1059.SDY_4018,131
1777,gene_1778,iSDY_1059.SDY_4045,523
1778,gene_1779,iSDY_1059.SDY_4064,154
1779,gene_1780,iSDY_1059.SDY_4070,121
1781,gene_1782,iSDY_1059.SDY_4256,125
1782,gene_1783,iSDY_1059.SDY_4257,409
1783,gene_1784,iSDY_1059.SDY_4276,404
1784,gene_1785,iSDY_1059.SDY_4317,251
1785,gene_1786,iSDY_1059.SDY_4412,284
1786,gene_1787,iSDY_1059.SDY_4633,126
1787,gene_1788,iSDY_1059.SDY_4644,190
1788,gene_1789,iSF_1195.SF0034,137
1789,gene_1790,iSF_1195.SF0061,97
1790,gene_1791,iSF_1195.SF0073,119
1791,gene_1792,iSF_1195.SF0151,108
1792,gene_1793,iSF_1195.SF0164,195
1793,gene_1794,iSF_1195.SF0190,289
1794,gene_1795,iSF_1195.SF0232,258
1795,gene_1796,iSF_1195.SF0252,87
1796,gene_1797,iSF_1195.SF0293,336
1797,gene_1798,iSF_1195.SF0322,184
1798,gene_1799,iSF_1195.SF0357,428
1799,gene_1800,iSF_1195.SF0419,205
1801,gene_1802,iSF_1195.SF0538,58
1802,gene_1803,iSF_1195.SF0547,129
1803,gene_1804,iSF_1195.SF0613,583
1804,gene_1805,iSF_1195.SF0629,87
1805,gene_1806,iSF_1195.SF0643,65
1806,gene_1807,iSF_1195.SF0727,44
1807,gene_1808,iSF_1195.SF0733,155
1808,gene_1809,iSF_1195.SF0772,60
1809,gene_1810,iSF_1195.SF0776,72
1810,gene_1811,iSF_1195.SF0777,205
1812,gene_1813,iSF_1195.SF0809,118
1814,gene_1815,iSF_1195.SF0817,117
1815,gene_1816,iSF_1195.SF0898,880
1816,gene_1817,iSF_1195.SF0902,302
1817,gene_1818,iSF_1195.SF0910,288
1818,gene_1819,iSF_1195.SF0930,75
1819,gene_1820,iSF_1195.SF0969,50
1820,gene_1821,iSF_1195.SF1010,39
1821,gene_1822,iSF_1195.SF1013,68
1822,gene_1823,iSF_1195.SF1095,199
1823,gene_1824,iSF_1195.SF1097,100
1825,gene_1826,iSF_1195.SF1128,96
1827,gene_1828,iSF_1195.SF1238,137
1828,gene_1829,iSF_1195.SF1244,250
1829,gene_1830,iSF_1195.SF1247,337
1830,gene_1831,iSF_1195.SF1272,81
1831,gene_1832,iSF_1195.SF1313,70
1832,gene_1833,iSF_1195.SF1423,142
1833,gene_1834,iSF_1195.SF1520,150
1834,gene_1835,iSF_1195.SF1572,392
1835,gene_1836,iSF_1195.SF1610,75
1836,gene_1837,iSF_1195.SF1860,151
1837,gene_1838,iSF_1195.SF1867,79
1838,gene_1839,iSF_1195.SF2102,398
1839,gene_1840,iSF_1195.SF2233,241
1840,gene_1841,iSF_1195.SF2234,502
1841,gene_1842,iSF_1195.SF2235,174
1842,gene_1843,iSF_1195.SF2367,145
1843,gene_1844,iSF_1195.SF2433,521
1844,gene_1845,iSF_1195.SF2466,498
1845,gene_1846,iSF_1195.SF2470,68
1846,gene_1847,iSF_1195.SF2471,386
1847,gene_1848,iSF_1195.SF2472,117
1848,gene_1849,iSF_1195.SF2481,299
1849,gene_1850,iSF_1195.SF2543,337
1850,gene_1851,iSF_1195.SF2576,128
1851,gene_1852,iSF_1195.SF2577,186
1852,gene_1853,iSF_1195.SF2598,465
1853,gene_1854,iSF_1195.SF2644,92
1854,gene_1855,iSF_1195.SF2653,90
1855,gene_1856,iSF_1195.SF2674,137
1856,gene_1857,iSF_1195.SF2717,72
1857,gene_1858,iSF_1195.SF2796,159
1858,gene_1859,iSF_1195.SF2813,407
1859,gene_1860,iSF_1195.SF2945,160
1860,gene_1861,iSF_1195.SF3080,63
1861,gene_1862,iSF_1195.SF3129,365
1862,gene_1863,iSF_1195.SF3131,484
1863,gene_1864,iSF_1195.SF3132,486
1864,gene_1865,iSF_1195.SF3241,123
1865,gene_1866,iSF_1195.SF3261,161
1866,gene_1867,iSF_1195.SF3319,241
1867,gene_1868,iSF_1195.SF3321,217
1868,gene_1869,iSF_1195.SF3390,98
1869,gene_1870,iSF_1195.SF3422,730
1870,gene_1871,iSF_1195.SF3428,47
1871,gene_1872,iSF_1195.SF3440,639
1872,gene_1873,iSF_1195.SF3455,634
1873,gene_1874,iSF_1195.SF3458,303
1874,gene_1875,iSF_1195.SF3466,102
1875,gene_1876,iSF_1195.SF3472,242
1876,gene_1877,iSF_1195.SF3473,256
1877,gene_1878,iSF_1195.SF3474,167
1878,gene_1879,iSF_1195.SF3611,306
1879,gene_1880,iSF_1195.SF3651,519
1880,gene_1881,iSF_1195.SF3673,161
1881,gene_1882,iSF_1195.SF3679,122
1882,gene_1883,iSF_1195.SF3796,96
1883,gene_1884,iSF_1195.SF3810,131
1884,gene_1885,iSF_1195.SF3812,561
1885,gene_1886,iSF_1195.SF3814,478
1886,gene_1887,iSF_1195.SF3854,99
1887,gene_1888,iSF_1195.SF3863,365
1888,gene_1889,iSF_1195.SF3927,96
1889,gene_1890,iSF_1195.SF4064,75
1890,gene_1891,iSF_1195.SF4088,247
1891,gene_1892,iSF_1195.SF4103,251
1892,gene_1893,iSF_1195.SF4235,406
1893,gene_1894,iSF_1195.SF4252,409
1894,gene_1895,iSF_1195.SF4253,127
1895,gene_1896,iSF_1195.SF4332,286
1896,gene_1897,iSF_1195.SF4384,121
1897,gene_1898,iSF_1195.SF4405,126
1898,gene_1899,iSF_1195.SF4416,190
1899,gene_1900,iSF_1195.SF4427,62
1900,gene_1901,iSSON_1240.SSON_0043,140
1901,gene_1902,iSSON_1240.SSON_0072,94
1902,gene_1903,iSSON_1240.SSON_0085,120
1903,gene_1904,iSSON_1240.SSON_0171,108
1904,gene_1905,iSSON_1240.SSON_0186,196
1905,gene_1906,iSSON_1240.SSON_0213,291
1906,gene_1907,iSSON_1240.SSON_0285,331
1907,gene_1908,iSSON_1240.SSON_0344,89
1908,gene_1909,iSSON_1240.SSON_0356,256
1909,gene_1910,iSSON_1240.SSON_0362,185
1910,gene_1911,iSSON_1240.SSON_0397,427
1911,gene_1912,iSSON_1240.SSON_0434,87
1912,gene_1913,iSSON_1240.SSON_0461,206
1913,gene_1914,iSSON_1240.SSON_0540,138
1914,gene_1915,iSSON_1240.SSON_0604,260
1915,gene_1916,iSSON_1240.SSON_0606,86
1916,gene_1917,iSSON_1240.SSON_0634,583
1917,gene_1918,iSSON_1240.SSON_0709,128
1918,gene_1919,iSSON_1240.SSON_0762,152
1920,gene_1921,iSSON_1240.SSON_0808,69
1921,gene_1922,iSSON_1240.SSON_0809,207
1922,gene_1923,iSSON_1240.SSON_0840,117
1923,gene_1924,iSSON_1240.SSON_0848,117
1924,gene_1925,iSSON_1240.SSON_0896,74
1925,gene_1926,iSSON_1240.SSON_0904,881
1926,gene_1927,iSSON_1240.SSON_0908,302
1927,gene_1928,iSSON_1240.SSON_0916,288
1928,gene_1929,iSSON_1240.SSON_0936,85
1929,gene_1930,iSSON_1240.SSON_0973,49
1931,gene_1932,iSSON_1240.SSON_1111,200
1933,gene_1934,iSSON_1240.SSON_1144,97
1934,gene_1935,iSSON_1240.SSON_1283,82
1935,gene_1936,iSSON_1240.SSON_1298,148
1936,gene_1937,iSSON_1240.SSON_1356,146
1937,gene_1938,iSSON_1240.SSON_1447,149
1938,gene_1939,iSSON_1240.SSON_1519,291
1939,gene_1940,iSSON_1240.SSON_1595,504
1940,gene_1941,iSSON_1240.SSON_1607,385
1941,gene_1942,iSSON_1240.SSON_1832,70
1942,gene_1943,iSSON_1240.SSON_1873,80
1943,gene_1944,iSSON_1240.SSON_1934,337
1944,gene_1945,iSSON_1240.SSON_1937,249
1945,gene_1946,iSSON_1240.SSON_1941,136
1947,gene_1948,iSSON_1240.SSON_2052,213
1948,gene_1949,iSSON_1240.SSON_2054,72
1950,gene_1951,iSSON_1240.SSON_2204,242
1951,gene_1952,iSSON_1240.SSON_2205,501
1952,gene_1953,iSSON_1240.SSON_2206,175
1953,gene_1954,iSSON_1240.SSON_2348,142
1954,gene_1955,iSSON_1240.SSON_2367,75
1956,gene_1957,iSSON_1240.SSON_2457,521
1957,gene_1958,iSSON_1240.SSON_2500,505
1958,gene_1959,iSSON_1240.SSON_2504,70
1959,gene_1960,iSSON_1240.SSON_2505,386
1960,gene_1961,iSSON_1240.SSON_2506,117
1962,gene_1963,iSSON_1240.SSON_2517,301
1963,gene_1964,iSSON_1240.SSON_2581,337
1964,gene_1965,iSSON_1240.SSON_2611,128
1965,gene_1966,iSSON_1240.SSON_2612,180
1966,gene_1967,iSSON_1240.SSON_2634,466
1967,gene_1968,iSSON_1240.SSON_2708,92
1968,gene_1969,iSSON_1240.SSON_2720,90
1969,gene_1970,iSSON_1240.SSON_2771,137
1970,gene_1971,iSSON_1240.SSON_2834,78
1971,gene_1972,iSSON_1240.SSON_2859,231
1972,gene_1973,iSSON_1240.SSON_2938,162
1973,gene_1974,iSSON_1240.SSON_2956,409
1974,gene_1975,iSSON_1240.SSON_3036,45
1975,gene_1976,iSSON_1240.SSON_3108,158
1976,gene_1977,iSSON_1240.SSON_3177,63
1977,gene_1978,iSSON_1240.SSON_3242,360
1978,gene_1979,iSSON_1240.SSON_3244,483
1979,gene_1980,iSSON_1240.SSON_3245,486
1980,gene_1981,iSSON_1240.SSON_3349,125
1981,gene_1982,iSSON_1240.SSON_3366,161
1982,gene_1983,iSSON_1240.SSON_3428,241
1983,gene_1984,iSSON_1240.SSON_3430,217
1984,gene_1985,iSSON_1240.SSON_3503,96
1985,gene_1986,iSSON_1240.SSON_3534,729
1986,gene_1987,iSSON_1240.SSON_3540,44
1987,gene_1988,iSSON_1240.SSON_3549,645
1989,gene_1990,iSSON_1240.SSON_3672,633
1990,gene_1991,iSSON_1240.SSON_3678,314
1991,gene_1992,iSSON_1240.SSON_3687,99
1992,gene_1993,iSSON_1240.SSON_3692,243
1993,gene_1994,iSSON_1240.SSON_3693,256
1994,gene_1995,iSSON_1240.SSON_3694,167
1996,gene_1997,iSSON_1240.SSON_3766,121
1997,gene_1998,iSSON_1240.SSON_3773,161
1998,gene_1999,iSSON_1240.SSON_3782,105
1999,gene_2000,iSSON_1240.SSON_3793,519
2000,gene_2001,iSSON_1240.SSON_3885,478
2001,gene_2002,iSSON_1240.SSON_3887,561
2002,gene_2003,iSSON_1240.SSON_3889,133
2003,gene_2004,iSSON_1240.SSON_3952,99
2004,gene_2005,iSSON_1240.SSON_3961,363
2005,gene_2006,iSSON_1240.SSON_4028,98
2008,gene_2009,iSSON_1240.SSON_4095,647
2009,gene_2010,iSSON_1240.SSON_4165,72
2010,gene_2011,iSSON_1240.SSON_4362,285
2011,gene_2012,iSSON_1240.SSON_4418,126
2012,gene_2013,iSSON_1240.SSON_4419,413
2013,gene_2014,iSSON_1240.SSON_4436,405
2014,gene_2015,iSSON_1240.SSON_4451,210
2015,gene_2016,iSSON_1240.SSON_4499,119
2016,gene_2017,iSSON_1240.SSON_4524,124
2017,gene_2018,iSSON_1240.SSON_4535,190
2018,gene_2019,iSSON_1240.SSON_4545,62
2019,gene_2020,iSbBS512_1146.SbBS512_E0058,97
2020,gene_2021,iSbBS512_1146.SbBS512_E0151,108
2021,gene_2022,iSbBS512_1146.SbBS512_E0167,195
2022,gene_2023,iSbBS512_1146.SbBS512_E0193,291
2023,gene_2024,iSbBS512_1146.SbBS512_E0240,333
2024,gene_2025,iSbBS512_1146.SbBS512_E0279,87
2025,gene_2026,iSbBS512_1146.SbBS512_E0298,258
2026,gene_2027,iSbBS512_1146.SbBS512_E0302,100
2027,gene_2028,iSbBS512_1146.SbBS512_E0303,182
2028,gene_2029,iSbBS512_1146.SbBS512_E0341,427
2029,gene_2030,iSbBS512_1146.SbBS512_E0406,205
2030,gene_2031,iSbBS512_1146.SbBS512_E0491,139
2031,gene_2032,iSbBS512_1146.SbBS512_E0570,587
2032,gene_2033,iSbBS512_1146.SbBS512_E0599,260
2033,gene_2034,iSbBS512_1146.SbBS512_E0678,128
2034,gene_2035,iSbBS512_1146.SbBS512_E0687,60
2035,gene_2036,iSbBS512_1146.SbBS512_E0816,173
2036,gene_2037,iSbBS512_1146.SbBS512_E0823,242
2037,gene_2038,iSbBS512_1146.SbBS512_E0954,82
2038,gene_2039,iSbBS512_1146.SbBS512_E1179,415
2039,gene_2040,iSbBS512_1146.SbBS512_E1194,395
2040,gene_2041,iSbBS512_1146.SbBS512_E1304,97
2041,gene_2042,iSbBS512_1146.SbBS512_E1403,137
2042,gene_2043,iSbBS512_1146.SbBS512_E1412,248
2043,gene_2044,iSbBS512_1146.SbBS512_E1415,334
2044,gene_2045,iSbBS512_1146.SbBS512_E1544,67
2045,gene_2046,iSbBS512_1146.SbBS512_E1809,49
2046,gene_2047,iSbBS512_1146.SbBS512_E1829,291
2047,gene_2048,iSbBS512_1146.SbBS512_E2065,147
2048,gene_2049,iSbBS512_1146.SbBS512_E2125,148
2050,gene_2051,iSbBS512_1146.SbBS512_E2233,200
2051,gene_2052,iSbBS512_1146.SbBS512_E2346,50
2052,gene_2053,iSbBS512_1146.SbBS512_E2410,288
2053,gene_2054,iSbBS512_1146.SbBS512_E2425,879
2054,gene_2055,iSbBS512_1146.SbBS512_E2471,116
2055,gene_2056,iSbBS512_1146.SbBS512_E2476,117
2057,gene_2058,iSbBS512_1146.SbBS512_E2521,208
2058,gene_2059,iSbBS512_1146.SbBS512_E2522,71
2061,gene_2062,iSbBS512_1146.SbBS512_E2569,155
2063,gene_2064,iSbBS512_1146.SbBS512_E2667,140
2064,gene_2065,iSbBS512_1146.SbBS512_E2687,77
2065,gene_2066,iSbBS512_1146.SbBS512_E2735,488
2066,gene_2067,iSbBS512_1146.SbBS512_E2763,117
2067,gene_2068,iSbBS512_1146.SbBS512_E2764,384
2068,gene_2069,iSbBS512_1146.SbBS512_E2765,68
2069,gene_2070,iSbBS512_1146.SbBS512_E2800,303
2070,gene_2071,iSbBS512_1146.SbBS512_E2873,337
2071,gene_2072,iSbBS512_1146.SbBS512_E2904,125
2072,gene_2073,iSbBS512_1146.SbBS512_E2905,186
2073,gene_2074,iSbBS512_1146.SbBS512_E2916,467
2074,gene_2075,iSbBS512_1146.SbBS512_E2954,92
2075,gene_2076,iSbBS512_1146.SbBS512_E2975,90
2076,gene_2077,iSbBS512_1146.SbBS512_E3004,137
2077,gene_2078,iSbBS512_1146.SbBS512_E3092,162
2079,gene_2080,iSbBS512_1146.SbBS512_E3386,158
2080,gene_2081,iSbBS512_1146.SbBS512_E3430,117
2081,gene_2082,iSbBS512_1146.SbBS512_E3472,67
2082,gene_2083,iSbBS512_1146.SbBS512_E3525,363
2083,gene_2084,iSbBS512_1146.SbBS512_E3527,484
2084,gene_2085,iSbBS512_1146.SbBS512_E3528,485
2085,gene_2086,iSbBS512_1146.SbBS512_E3551,161
2086,gene_2087,iSbBS512_1146.SbBS512_E3569,123
2088,gene_2089,iSbBS512_1146.SbBS512_E3672,239
2089,gene_2090,iSbBS512_1146.SbBS512_E3674,217
2090,gene_2091,iSbBS512_1146.SbBS512_E3782,729
2091,gene_2092,iSbBS512_1146.SbBS512_E3790,47
2092,gene_2093,iSbBS512_1146.SbBS512_E3798,644
2094,gene_2095,iSbBS512_1146.SbBS512_E3866,167
2095,gene_2096,iSbBS512_1146.SbBS512_E3867,256
2096,gene_2097,iSbBS512_1146.SbBS512_E3868,243
2097,gene_2098,iSbBS512_1146.SbBS512_E3870,60
2098,gene_2099,iSbBS512_1146.SbBS512_E3875,97
2099,gene_2100,iSbBS512_1146.SbBS512_E3889,312
2100,gene_2101,iSbBS512_1146.SbBS512_E3892,630
2101,gene_2102,iSbBS512_1146.SbBS512_E3955,308
2103,gene_2104,iSbBS512_1146.SbBS512_E4040,519
2104,gene_2105,iSbBS512_1146.SbBS512_E4050,108
2105,gene_2106,iSbBS512_1146.SbBS512_E4059,159
2106,gene_2107,iSbBS512_1146.SbBS512_E4065,121
2107,gene_2108,iSbBS512_1146.SbBS512_E4132,366
2108,gene_2109,iSbBS512_1146.SbBS512_E4140,99
2109,gene_2110,iSbBS512_1146.SbBS512_E4187,478
2110,gene_2111,iSbBS512_1146.SbBS512_E4189,561
2111,gene_2112,iSbBS512_1146.SbBS512_E4191,131
2112,gene_2113,iSbBS512_1146.SbBS512_E4328,98
2113,gene_2114,iSbBS512_1146.SbBS512_E4408,641
2114,gene_2115,iSbBS512_1146.SbBS512_E4708,284
2115,gene_2116,iSbBS512_1146.SbBS512_E4829,403
2116,gene_2117,iSbBS512_1146.SbBS512_E4846,411
2117,gene_2118,iSbBS512_1146.SbBS512_E4847,127
2118,gene_2119,iSbBS512_1146.SbBS512_E4890,119
2119,gene_2120,iSbBS512_1146.SbBS512_E4917,127
2120,gene_2121,iSbBS512_1146.SbBS512_E4931,190
2121,gene_2122,iSbBS512_1146.SbBS512_E4944,62
2122,gene_2123,iSynCJ816.SGL_RS01935,137
2123,gene_2124,iSynCJ816.SGL_RS02240,145
2124,gene_2125,iSynCJ816.SGL_RS02245,67
2125,gene_2126,iSynCJ816.SGL_RS02445,215
2126,gene_2127,iSynCJ816.SGL_RS02635,47
2127,gene_2128,iSynCJ816.SGL_RS02675,493
2128,gene_2129,iSynCJ816.SGL_RS02895,510
2129,gene_2130,iSynCJ816.SGL_RS02955,130
2130,gene_2131,iSynCJ816.SGL_RS03010,416
2132,gene_2133,iSynCJ816.SGL_RS04160,1568
2133,gene_2134,iSynCJ816.SGL_RS04550,213
2134,gene_2135,iSynCJ816.SGL_RS04690,499
2137,gene_2138,iSynCJ816.SGL_RS05520,429
2138,gene_2139,iSynCJ816.SGL_RS05525,40
2139,gene_2140,iSynCJ816.SGL_RS05665,425
2140,gene_2141,iSynCJ816.SGL_RS05700,287
2141,gene_2142,iSynCJ816.SGL_RS05885,267
2142,gene_2143,iSynCJ816.SGL_RS06105,236
2143,gene_2144,iSynCJ816.SGL_RS06370,215
2144,gene_2145,iSynCJ816.SGL_RS06585,94
2145,gene_2146,iSynCJ816.SGL_RS06895,635
2146,gene_2147,iSynCJ816.SGL_RS07100,673
2147,gene_2148,iSynCJ816.SGL_RS07245,102
2148,gene_2149,iSynCJ816.SGL_RS07575,260
2149,gene_2150,iSynCJ816.SGL_RS07645,206
2150,gene_2151,iSynCJ816.SGL_RS07670,153
2151,gene_2152,iSynCJ816.SGL_RS08250,130
2152,gene_2153,iSynCJ816.SGL_RS08905,80
2153,gene_2154,iSynCJ816.SGL_RS08960,42
2154,gene_2155,iSynCJ816.SGL_RS09310,60
2155,gene_2156,iSynCJ816.SGL_RS09325,201
2156,gene_2157,iSynCJ816.SGL_RS09375,378
2157,gene_2158,iSynCJ816.SGL_RS09640,84
2158,gene_2159,iSynCJ816.SGL_RS09705,558
2159,gene_2160,iSynCJ816.SGL_RS10250,249
2160,gene_2161,iSynCJ816.SGL_RS10925,556
2161,gene_2162,iSynCJ816.SGL_RS10930,820
2162,gene_2163,iSynCJ816.SGL_RS11275,397
2164,gene_2165,iSynCJ816.SGL_RS11925,623
2165,gene_2166,iSynCJ816.SGL_RS12175,253
2166,gene_2167,iSynCJ816.SGL_RS12820,670
2167,gene_2168,iSynCJ816.SGL_RS13005,197
2168,gene_2169,iSynCJ816.SGL_RS13365,61
2169,gene_2170,iSynCJ816.SGL_RS13580,377
2170,gene_2171,iSynCJ816.SGL_RS13805,437
2171,gene_2172,iSynCJ816.SGL_RS13860,119
2172,gene_2173,iSynCJ816.SGL_RS13900,80
2173,gene_2174,iSynCJ816.SGL_RS14120,236
2174,gene_2175,iSynCJ816.SGL_RS14665,176
2175,gene_2176,iSynCJ816.SGL_RS14865,218
2176,gene_2177,iSynCJ816.SGL_RS14930,208
2177,gene_2178,iSynCJ816.SGL_RS15225,169
2178,gene_2179,iSynCJ816.SGL_RS15350,58
2179,gene_2180,iSynCJ816.SGL_RS15395,172
2180,gene_2181,iSynCJ816.SGL_RS15455,389
2181,gene_2182,iSynCJ816.SGL_RS15640,227
2183,gene_2184,iSynCJ816.SGL_RS15845,390
2184,gene_2185,iSynCJ816.SGL_RS16015,208
2185,gene_2186,iSynCJ816.SGL_RS16080,52
2186,gene_2187,iSynCJ816.SGL_RS16100,593
2187,gene_2188,iSynCJ816.SGL_RS16185,107
2188,gene_2189,iSynCJ816.SGL_RS16430,265
2189,gene_2190,iSynCJ816.SGL_RS16580,96
2190,gene_2191,iSynCJ816.SGL_RS16610,42
2192,gene_2193,iSynCJ816.SGL_RS16700,204
2193,gene_2194,iSynCJ816.SGL_RS17160,101
2194,gene_2195,iSynCJ816.SGL_RS17200,222
2195,gene_2196,iSynCJ816.SGL_RS17215,390
2196,gene_2197,iSynCJ816.SGL_RS17225,193
2197,gene_2198,iSynCJ816.SGL_RS17290,55
2198,gene_2199,iSynCJ816.SGL_RS17635,369
2199,gene_2200,iSynCJ816.SGL_RS17655,57
2200,gene_2201,iSynCJ816.SGL_RS17805,241
2201,gene_2202,iSynCJ816.SGL_RS17890,237
2202,gene_2203,iSynCJ816.SGL_RS18145,66
2203,gene_2204,iSynCJ816.SGL_RS18250,250
2204,gene_2205,iYL1228.KPN_00030,381
2205,gene_2206,iYL1228.KPN_00031,468
2206,gene_2207,iYL1228.KPN_00065,92
2207,gene_2208,iYL1228.KPN_00083,120
2208,gene_2209,iYL1228.KPN_00106,107
2209,gene_2210,iYL1228.KPN_00213,293
2210,gene_2211,iYL1228.KPN_00280,332
2211,gene_2212,iYL1228.KPN_00312,93
2212,gene_2213,iYL1228.KPN_00323,259
2213,gene_2214,iYL1228.KPN_00329,183
2214,gene_2215,iYL1228.KPN_00372,425
2215,gene_2216,iYL1228.KPN_00440,128
2216,gene_2217,iYL1228.KPN_00456,206
2217,gene_2218,iYL1228.KPN_00514,316
2218,gene_2219,iYL1228.KPN_00700,112
2219,gene_2220,iYL1228.KPN_00701,584
2220,gene_2221,iYL1228.KPN_00771,127
2221,gene_2222,iYL1228.KPN_00838,97
2223,gene_2224,iYL1228.KPN_00886,124
2224,gene_2225,iYL1228.KPN_00893,112
2225,gene_2226,iYL1228.KPN_00896,122
2226,gene_2227,iYL1228.KPN_00925,231
2227,gene_2228,iYL1228.KPN_00931,878
2228,gene_2229,iYL1228.KPN_00937,171
2229,gene_2230,iYL1228.KPN_00941,294
2230,gene_2231,iYL1228.KPN_00969,93
2231,gene_2232,iYL1228.KPN_01089,191
2232,gene_2233,iYL1228.KPN_01132,243
2233,gene_2234,iYL1228.KPN_01266,78
2235,gene_2236,iYL1228.KPN_01640,396
2236,gene_2237,iYL1228.KPN_01799,79
2237,gene_2238,iYL1228.KPN_01975,291
2238,gene_2239,iYL1228.KPN_02169,141
2239,gene_2240,iYL1228.KPN_02175,395
2240,gene_2241,iYL1228.KPN_02194,331
2241,gene_2242,iYL1228.KPN_02197,249
2242,gene_2243,iYL1228.KPN_02238,81
2243,gene_2244,iYL1228.KPN_02365,153
2244,gene_2245,iYL1228.KPN_02373,81
2245,gene_2246,iYL1228.KPN_02455,183
2246,gene_2247,iYL1228.KPN_02463,216
2247,gene_2248,iYL1228.KPN_02490,388
2248,gene_2249,iYL1228.KPN_02496,389
2249,gene_2250,iYL1228.KPN_02586,243
2250,gene_2251,iYL1228.KPN_02587,489
2251,gene_2252,iYL1228.KPN_02588,179
2252,gene_2253,iYL1228.KPN_02681,135
2253,gene_2254,iYL1228.KPN_02758,506
2254,gene_2255,iYL1228.KPN_02762,70
2255,gene_2256,iYL1228.KPN_02763,384
2256,gene_2257,iYL1228.KPN_02764,120
2257,gene_2258,iYL1228.KPN_02823,112
2258,gene_2259,iYL1228.KPN_02824,335
2259,gene_2260,iYL1228.KPN_02862,191
2260,gene_2261,iYL1228.KPN_02876,459
2262,gene_2263,iYL1228.KPN_02937,135
2263,gene_2264,iYL1228.KPN_03016,475
2265,gene_2266,iYL1228.KPN_03045,162
2266,gene_2267,iYL1228.KPN_03123,477
2267,gene_2268,iYL1228.KPN_03125,153
2268,gene_2269,iYL1228.KPN_03150,397
2269,gene_2270,iYL1228.KPN_03182,227
2270,gene_2271,iYL1228.KPN_03183,70
2271,gene_2272,iYL1228.KPN_03184,451
2272,gene_2273,iYL1228.KPN_03190,148
2273,gene_2274,iYL1228.KPN_03191,118
2274,gene_2275,iYL1228.KPN_03194,246
2275,gene_2276,iYL1228.KPN_03197,201
2276,gene_2277,iYL1228.KPN_03388,161
2277,gene_2278,iYL1228.KPN_03453,62
2278,gene_2279,iYL1228.KPN_03517,366
2279,gene_2280,iYL1228.KPN_03519,489
2280,gene_2281,iYL1228.KPN_03520,481
2281,gene_2282,iYL1228.KPN_03599,238
2283,gene_2284,iYL1228.KPN_03690,215
2284,gene_2285,iYL1228.KPN_03773,737
2285,gene_2286,iYL1228.KPN_03779,46
2286,gene_2287,iYL1228.KPN_03787,650
2287,gene_2288,iYL1228.KPN_03794,523
2288,gene_2289,iYL1228.KPN_03798,634
2289,gene_2290,iYL1228.KPN_03800,302
2290,gene_2291,iYL1228.KPN_03809,99
2291,gene_2292,iYL1228.KPN_03813,60
2292,gene_2293,iYL1228.KPN_03816,243
2293,gene_2294,iYL1228.KPN_03817,249
2294,gene_2295,iYL1228.KPN_03818,172
2295,gene_2296,iYL1228.KPN_03835,40
2296,gene_2297,iYL1228.KPN_03956,517
2297,gene_2298,iYL1228.KPN_03980,115
2298,gene_2299,iYL1228.KPN_04011,636
2299,gene_2300,iYL1228.KPN_04044,245
2300,gene_2301,iYL1228.KPN_04081,515
2301,gene_2302,iYL1228.KPN_04085,403
2302,gene_2303,iYL1228.KPN_04137,561
2303,gene_2304,iYL1228.KPN_04139,479
2304,gene_2305,iYL1228.KPN_04156,58
2306,gene_2307,iYL1228.KPN_04282,98
2307,gene_2308,iYL1228.KPN_04289,363
2309,gene_2310,iYL1228.KPN_04374,75
2310,gene_2311,iYL1228.KPN_04506,255
2311,gene_2312,iYL1228.KPN_04567,63
2312,gene_2313,iYL1228.KPN_04576,285
2313,gene_2314,iYL1228.KPN_04645,121
2314,gene_2315,iYL1228.KPN_04646,414
2315,gene_2316,iYL1228.KPN_04659,394
2316,gene_2317,iYL1228.KPN_04788,115
2317,gene_2318,iYL1228.KPN_04830,124
2318,gene_2319,iYL1228.KPN_04850,83
2319,gene_2320,iYO844.BSU00180,152
2320,gene_2321,iYO844.BSU00270,130
2321,gene_2322,iYO844.BSU00460,151
2322,gene_2323,iYO844.BSU00500,143
2323,gene_2324,iYO844.BSU00680,203
2324,gene_2325,iYO844.BSU00730,141
2325,gene_2326,iYO844.BSU00920,170
2326,gene_2327,iYO844.BSU00930,215
2327,gene_2328,iYO844.BSU01370,209
2328,gene_2329,iYO844.BSU01770,390
2329,gene_2330,iYO844.BSU02130,109
2330,gene_2331,iYO844.BSU02360,246
2331,gene_2332,iYO844.BSU02390,382
2332,gene_2333,iYO844.BSU02420,285
2333,gene_2334,iYO844.BSU02750,137
2334,gene_2335,iYO844.BSU03590,262
2335,gene_2336,iYO844.BSU03600,180
2336,gene_2337,iYO844.BSU03610,172
2337,gene_2338,iYO844.BSU03860,106
2338,gene_2339,iYO844.BSU04560,246
2339,gene_2340,iYO844.BSU04570,261
2340,gene_2341,iYO844.BSU06160,153
2341,gene_2342,iYO844.BSU06170,201
2342,gene_2343,iYO844.BSU06360,589
2343,gene_2344,iYO844.BSU06420,127
2344,gene_2345,iYO844.BSU06490,423
2345,gene_2346,iYO844.BSU06500,342
2346,gene_2347,iYO844.BSU06970,72
2347,gene_2348,iYO844.BSU06980,236
2348,gene_2349,iYO844.BSU06990,189
2349,gene_2350,iYO844.BSU07490,106
2350,gene_2351,iYO844.BSU07840,182
2351,gene_2352,iYO844.BSU08180,394
2352,gene_2353,iYO844.BSU09240,74
2353,gene_2354,iYO844.BSU09290,614
2354,gene_2355,iYO844.BSU09310,423
2356,gene_2357,iYO844.BSU09840,280
2357,gene_2358,iYO844.BSU10020,313
2358,gene_2359,iYO844.BSU10270,155
2359,gene_2360,iYO844.BSU10520,47
2361,gene_2362,iYO844.BSU11250,245
2362,gene_2363,iYO844.BSU11330,188
2363,gene_2364,iYO844.BSU11340,441
2364,gene_2365,iYO844.BSU12020,194
2365,gene_2366,iYO844.BSU12300,482
2366,gene_2367,iYO844.BSU12340,418
2367,gene_2368,iYO844.BSU12390,488
2368,gene_2369,iYO844.BSU12930,255
2369,gene_2370,iYO844.BSU12940,212
2370,gene_2371,iYO844.BSU12950,337
2371,gene_2372,iYO844.BSU12960,67
2372,gene_2373,iYO844.BSU13130,321
2373,gene_2374,iYO844.BSU13300,194
2374,gene_2375,iYO844.BSU13900,66
2375,gene_2376,iYO844.BSU13910,407
2377,gene_2378,iYO844.BSU14520,433
2378,gene_2379,iYO844.BSU14630,398
2379,gene_2380,iYO844.BSU15020,166
2380,gene_2381,iYO844.BSU15180,290
2381,gene_2382,iYO844.BSU15190,79
2382,gene_2383,iYO844.BSU15220,240
2383,gene_2384,iYO844.BSU15500,254
2384,gene_2385,iYO844.BSU15510,328
2385,gene_2386,iYO844.BSU15520,1076
2386,gene_2387,iYO844.BSU15700,350
2387,gene_2388,iYO844.BSU15720,130
2388,gene_2389,iYO844.BSU15730,251
2389,gene_2390,iYO844.BSU15850,155
2390,gene_2391,iYO844.BSU15860,198
2391,gene_2392,iYO844.BSU15900,199
2392,gene_2393,iYO844.BSU15910,235
2393,gene_2394,iYO844.BSU16530,212
2395,gene_2396,iYO844.BSU16730,117
2396,gene_2397,iYO844.BSU16740,155
2397,gene_2398,iYO844.BSU17460,377
2398,gene_2399,iYO844.BSU18120,275
2399,gene_2400,iYO844.BSU18440,478
2400,gene_2401,iYO844.BSU18450,1489
2401,gene_2402,iYO844.BSU19350,299
2402,gene_2403,iYO844.BSU22440,142
2403,gene_2404,iYO844.BSU22480,155
2404,gene_2405,iYO844.BSU22830,289
2405,gene_2406,iYO844.BSU23080,216
2406,gene_2407,iYO844.BSU23270,204
2407,gene_2408,iYO844.BSU23490,269
2408,gene_2409,iYO844.BSU23500,367
2409,gene_2410,iYO844.BSU23580,249
2410,gene_2411,iYO844.BSU23610,129
2411,gene_2412,iYO844.BSU23960,260
2412,gene_2413,iYO844.BSU23980,117
2413,gene_2414,iYO844.BSU24150,413
2414,gene_2415,iYO844.BSU24160,248
2415,gene_2416,iYO844.BSU24850,219
2416,gene_2417,iYO844.BSU24950,334
2417,gene_2418,iYO844.BSU25070,352
2418,gene_2419,iYO844.BSU25300,111
2419,gene_2420,iYO844.BSU26700,121
2420,gene_2421,iYO844.BSU26710,246
2421,gene_2422,iYO844.BSU26970,192
2422,gene_2423,iYO844.BSU27270,104
2423,gene_2424,iYO844.BSU27330,229
2424,gene_2425,iYO844.BSU27600,605
2425,gene_2426,iYO844.BSU27810,267
2426,gene_2427,iYO844.BSU27910,82
2427,gene_2428,iYO844.BSU28080,271
2428,gene_2429,iYO844.BSU28470,360
2429,gene_2430,iYO844.BSU28560,256
2430,gene_2431,iYO844.BSU28730,156
2431,gene_2432,iYO844.BSU29190,327
2432,gene_2433,iYO844.BSU29200,296
2433,gene_2434,iYO844.BSU29210,271
2434,gene_2435,iYO844.BSU29220,437
2436,gene_2437,iYO844.BSU29440,444
2437,gene_2438,iYO844.BSU29600,103
2438,gene_2439,iYO844.BSU29620,72
2439,gene_2440,iYO844.BSU30280,135
2440,gene_2441,iYO844.BSU30290,115
2441,gene_2442,iYO844.BSU30410,40
2442,gene_2443,iYO844.BSU30420,168
2443,gene_2444,iYO844.BSU30450,122
2444,gene_2445,iYO844.BSU30550,528
2445,gene_2446,iYO844.BSU30780,135
2446,gene_2447,iYO844.BSU30940,632
2447,gene_2448,iYO844.BSU30960,194
2448,gene_2449,iYO844.BSU30970,411
2449,gene_2450,iYO844.BSU30980,652
2450,gene_2451,iYO844.BSU31050,158
2451,gene_2452,iYO844.BSU31350,506
2452,gene_2453,iYO844.BSU31400,416
2453,gene_2454,iYO844.BSU32000,101
2454,gene_2455,iYO844.BSU32260,242
2455,gene_2456,iYO844.BSU32510,46
2456,gene_2457,iYO844.BSU32750,286
2457,gene_2458,iYO844.BSU33400,244
2458,gene_2459,iYO844.BSU33490,624
2459,gene_2460,iYO844.BSU33730,127
2460,gene_2461,iYO844.BSU33830,128
2461,gene_2462,iYO844.BSU33900,516
2462,gene_2463,iYO844.BSU33910,517
2463,gene_2464,iYO844.BSU34590,99
2464,gene_2465,iYO844.BSU34790,120
2465,gene_2466,iYO844.BSU34860,190
2466,gene_2467,iYO844.BSU34870,244
2467,gene_2468,iYO844.BSU34880,191
2468,gene_2469,iYO844.BSU34900,179
2469,gene_2470,iYO844.BSU34910,425
2470,gene_2471,iYO844.BSU34920,183
2471,gene_2472,iYO844.BSU35010,241
2473,gene_2474,iYO844.BSU35670,261
2475,gene_2476,iYO844.BSU35700,198
2476,gene_2477,iYO844.BSU35710,67
2478,gene_2479,iYO844.BSU35940,336
2479,gene_2480,iYO844.BSU36120,63
2480,gene_2481,iYO844.BSU36130,56
2481,gene_2482,iYO844.BSU36370,161
2482,gene_2483,iYO844.BSU36710,87
2483,gene_2484,iYO844.BSU36760,254
2484,gene_2485,iYO844.BSU36800,71
2485,gene_2486,iYO844.BSU36810,635
2486,gene_2487,iYO844.BSU36820,171
2487,gene_2488,iYO844.BSU36830,622
2488,gene_2489,iYO844.BSU36890,284
2489,gene_2490,iYO844.BSU36900,467
2490,gene_2491,iYO844.BSU36920,153
2491,gene_2492,iYO844.BSU37150,638
2492,gene_2493,iYO844.BSU37170,408
2493,gene_2494,iYO844.BSU37490,242
2494,gene_2495,iYO844.BSU37660,308
2496,gene_2497,iYO844.BSU38190,470
2497,gene_2498,iYO844.BSU38300,174
2498,gene_2499,iYO844.BSU38550,403
2499,gene_2500,iYO844.BSU38860,445
2500,gene_2501,iYO844.BSU39270,249
2501,gene_2502,iYO844.BSU39400,395
2502,gene_2503,iYO844.BSU40420,309
2503,gene_2504,iYO844.BSU40850,139
2504,gene_2505,iYS854.USA300HOU_RS00045,224
2505,gene_2506,iYS854.USA300HOU_RS00085,304
2506,gene_2507,iYS854.USA300HOU_RS00125,175
2507,gene_2508,iYS854.USA300HOU_RS00720,197
2508,gene_2509,iYS854.USA300HOU_RS00735,363
2509,gene_2510,iYS854.USA300HOU_RS01000,115
2510,gene_2511,iYS854.USA300HOU_RS01015,269
2511,gene_2512,iYS854.USA300HOU_RS01090,389
2512,gene_2513,iYS854.USA300HOU_RS01150,953
2514,gene_2515,iYS854.USA300HOU_RS01685,87
2515,gene_2516,iYS854.USA300HOU_RS01730,108
2516,gene_2517,iYS854.USA300HOU_RS01735,153
2517,gene_2518,iYS854.USA300HOU_RS01895,214
2518,gene_2519,iYS854.USA300HOU_RS02325,163
2519,gene_2520,iYS854.USA300HOU_RS02330,175
2520,gene_2521,iYS854.USA300HOU_RS02555,133
2521,gene_2522,iYS854.USA300HOU_RS02560,88
2522,gene_2523,iYS854.USA300HOU_RS02615,202
2523,gene_2524,iYS854.USA300HOU_RS02655,545
2526,gene_2527,iYS854.USA300HOU_RS03075,283
2527,gene_2528,iYS854.USA300HOU_RS03230,382
2528,gene_2529,iYS854.USA300HOU_RS03455,63
2529,gene_2530,iYS854.USA300HOU_RS03790,264
2530,gene_2531,iYS854.USA300HOU_RS03800,206
2531,gene_2532,iYS854.USA300HOU_RS04050,115
2532,gene_2533,iYS854.USA300HOU_RS04115,231
2533,gene_2534,iYS854.USA300HOU_RS04135,125
2534,gene_2535,iYS854.USA300HOU_RS04185,411
2535,gene_2536,iYS854.USA300HOU_RS04205,492
2536,gene_2537,iYS854.USA300HOU_RS04405,284
2537,gene_2538,iYS854.USA300HOU_RS04775,484
2538,gene_2539,iYS854.USA300HOU_RS04880,402
2539,gene_2540,iYS854.USA300HOU_RS04890,265
2540,gene_2541,iYS854.USA300HOU_RS04895,221
2541,gene_2542,iYS854.USA300HOU_RS04900,371
2542,gene_2543,iYS854.USA300HOU_RS04905,317
2543,gene_2544,iYS854.USA300HOU_RS04910,282
2544,gene_2545,iYS854.USA300HOU_RS05000,214
2545,gene_2546,iYS854.USA300HOU_RS05255,85
2546,gene_2547,iYS854.USA300HOU_RS05300,125
2547,gene_2548,iYS854.USA300HOU_RS05335,328
2548,gene_2549,iYS854.USA300HOU_RS05395,66
2549,gene_2550,iYS854.USA300HOU_RS05400,391
2550,gene_2551,iYS854.USA300HOU_RS05420,162
2552,gene_2553,iYS854.USA300HOU_RS05690,345
2553,gene_2554,iYS854.USA300HOU_RS05725,93
2554,gene_2555,iYS854.USA300HOU_RS05940,74
2555,gene_2556,iYS854.USA300HOU_RS05995,835
2556,gene_2557,iYS854.USA300HOU_RS06015,91
2557,gene_2558,iYS854.USA300HOU_RS06045,1105
2558,gene_2559,iYS854.USA300HOU_RS06075,132
2559,gene_2560,iYS854.USA300HOU_RS06125,130
2560,gene_2561,iYS854.USA300HOU_RS06130,211
2561,gene_2562,iYS854.USA300HOU_RS06135,178
2562,gene_2563,iYS854.USA300HOU_RS06160,373
2563,gene_2564,iYS854.USA300HOU_RS06185,241
2564,gene_2565,iYS854.USA300HOU_RS06195,74
2565,gene_2566,iYS854.USA300HOU_RS06405,158
2566,gene_2567,iYS854.USA300HOU_RS06465,124
2567,gene_2568,iYS854.USA300HOU_RS06535,82
2568,gene_2569,iYS854.USA300HOU_RS06545,611
2569,gene_2570,iYS854.USA300HOU_RS06590,358
2570,gene_2571,iYS854.USA300HOU_RS06690,415
2571,gene_2572,iYS854.USA300HOU_RS06750,223
2572,gene_2573,iYS854.USA300HOU_RS06885,108
2573,gene_2574,iYS854.USA300HOU_RS07055,339
2574,gene_2575,iYS854.USA300HOU_RS07285,102
2575,gene_2576,iYS854.USA300HOU_RS07450,98
2576,gene_2577,iYS854.USA300HOU_RS07595,209
2577,gene_2578,iYS854.USA300HOU_RS07985,153
2578,gene_2579,iYS854.USA300HOU_RS08015,120
2579,gene_2580,iYS854.USA300HOU_RS08350,547
2580,gene_2581,iYS854.USA300HOU_RS08580,216
2581,gene_2582,iYS854.USA300HOU_RS08635,208
2582,gene_2583,iYS854.USA300HOU_RS08695,570
2583,gene_2584,iYS854.USA300HOU_RS08720,381
2584,gene_2585,iYS854.USA300HOU_RS08725,368
2585,gene_2586,iYS854.USA300HOU_RS08915,582
2586,gene_2587,iYS854.USA300HOU_RS09015,272
2587,gene_2588,iYS854.USA300HOU_RS09020,271
2588,gene_2589,iYS854.USA300HOU_RS09100,185
2589,gene_2590,iYS854.USA300HOU_RS09130,106
2590,gene_2591,iYS854.USA300HOU_RS09175,289
2591,gene_2592,iYS854.USA300HOU_RS09195,643
2592,gene_2593,iYS854.USA300HOU_RS09310,169
2593,gene_2594,iYS854.USA300HOU_RS09335,820
2594,gene_2595,iYS854.USA300HOU_RS09495,493
2595,gene_2596,iYS854.USA300HOU_RS09925,267
2596,gene_2597,iYS854.USA300HOU_RS09930,149
2597,gene_2598,iYS854.USA300HOU_RS10340,545
2598,gene_2599,iYS854.USA300HOU_RS10985,267
2599,gene_2600,iYS854.USA300HOU_RS11240,249
2600,gene_2601,iYS854.USA300HOU_RS11245,255
2601,gene_2602,iYS854.USA300HOU_RS11335,155
2602,gene_2603,iYS854.USA300HOU_RS11340,246
2603,gene_2604,iYS854.USA300HOU_RS11360,562
2604,gene_2605,iYS854.USA300HOU_RS11365,170
2605,gene_2606,iYS854.USA300HOU_RS11370,613
2606,gene_2607,iYS854.USA300HOU_RS11405,283
2607,gene_2608,iYS854.USA300HOU_RS11410,462
2608,gene_2609,iYS854.USA300HOU_RS11480,647
2609,gene_2610,iYS854.USA300HOU_RS11530,385
2610,gene_2611,iYS854.USA300HOU_RS11545,198
2611,gene_2612,iYS854.USA300HOU_RS11655,361
2613,gene_2614,iYS854.USA300HOU_RS12020,174
2614,gene_2615,iYS854.USA300HOU_RS12070,209
2615,gene_2616,iYS854.USA300HOU_RS12310,199
2616,gene_2617,iYS854.USA300HOU_RS12315,147
2617,gene_2618,iYS854.USA300HOU_RS12335,157
2618,gene_2619,iYS854.USA300HOU_RS12505,114
2619,gene_2620,iYS854.USA300HOU_RS12625,38
2620,gene_2621,iYS854.USA300HOU_RS13040,94
2621,gene_2622,iYS854.USA300HOU_RS13045,167
2622,gene_2623,iYS854.USA300HOU_RS13050,170
2623,gene_2624,iYS854.USA300HOU_RS13270,93
2624,gene_2625,iYS854.USA300HOU_RS13545,266
2625,gene_2626,iYS854.USA300HOU_RS13765,112
2628,gene_2629,iYS854.USA300HOU_RS14195,124
