,query_gene,BiGG_gene,score
0,gene_0,STM_v1_0.STM0002,678
1,gene_1,STM_v1_0.STM0004,254
2,gene_2,STM_v1_0.STM0047,55
4,gene_4,STM_v1_0.STM0054,389
5,gene_5,STM_v1_0.STM0055,505
7,gene_7,STM_v1_0.STM0106,102
9,gene_9,STM_v1_0.STM0108,207
12,gene_12,STM_v1_0.STM0221,197
13,gene_13,STM_v1_0.STM0222,73
15,gene_15,STM_v1_0.STM0247,272
16,gene_16,STM_v1_0.STM0380,240
17,gene_17,STM_v1_0.STM0386,181
18,gene_18,STM_v1_0.STM0429,60
20,gene_20,STM_v1_0.STM0483,144
21,gene_21,STM_v1_0.STM0525,301
22,gene_22,STM_v1_0.STM0537,332
23,gene_23,STM_v1_0.STM0637,144
24,gene_24,STM_v1_0.STM0659,265
25,gene_25,STM_v1_0.STM0666,75
27,gene_27,STM_v1_0.STM0684,300
28,gene_28,STM_v1_0.STM0772,333
29,gene_29,STM_v1_0.STM0828,236
31,gene_31,STM_v1_0.STM0850,238
32,gene_32,STM_v1_0.STM0851,212
33,gene_33,STM_v1_0.STM0863,152
34,gene_34,STM_v1_0.STM0878,240
36,gene_36,STM_v1_0.STM0984,260
37,gene_37,STM_v1_0.STM0988,50
38,gene_38,STM_v1_0.STM1000,468
40,gene_40,STM_v1_0.STM1196,64
41,gene_41,STM_v1_0.STM1197,355
42,gene_42,STM_v1_0.STM1221,105
43,gene_43,STM_v1_0.STM1226,256
44,gene_44,STM_v1_0.STM1288,285
45,gene_45,STM_v1_0.STM1290,432
46,gene_46,STM_v1_0.STM1299,520
47,gene_47,STM_v1_0.STM1333,542
48,gene_48,STM_v1_0.STM1449,288
51,gene_51,STM_v1_0.STM1742,331
52,gene_52,STM_v1_0.STM1743,328
53,gene_53,STM_v1_0.STM1745,317
54,gene_54,STM_v1_0.STM1884,158
56,gene_56,STM_v1_0.STM1954,133
57,gene_57,STM_v1_0.STM2078,130
58,gene_58,STM_v1_0.STM2080,469
59,gene_59,STM_v1_0.STM2082,219
60,gene_60,STM_v1_0.STM2084,277
61,gene_61,STM_v1_0.STM2086,80
63,gene_63,STM_v1_0.STM2095,357
64,gene_64,STM_v1_0.STM2097,392
65,gene_65,STM_v1_0.STM2104,108
66,gene_66,STM_v1_0.STM2163,76
68,gene_68,STM_v1_0.STM2189,430
69,gene_69,STM_v1_0.STM2276,40
70,gene_70,STM_v1_0.STM2297,52
71,gene_71,STM_v1_0.STM2298,129
75,gene_75,STM_v1_0.STM2431,81
77,gene_77,STM_v1_0.STM2531,250
78,gene_78,STM_v1_0.STM2662,55
79,gene_79,STM_v1_0.STM2786,75
80,gene_80,STM_v1_0.STM2788,327
82,gene_82,STM_v1_0.STM2827,440
83,gene_83,STM_v1_0.STM2840,212
84,gene_84,STM_v1_0.STM2861,346
85,gene_85,STM_v1_0.STM2862,313
86,gene_86,STM_v1_0.STM2863,289
88,gene_88,STM_v1_0.STM2953,435
89,gene_89,STM_v1_0.STM2959,284
90,gene_90,STM_v1_0.STM2960,610
92,gene_92,STM_v1_0.STM2992,196
93,gene_93,STM_v1_0.STM3002,112
94,gene_94,STM_v1_0.STM3076,508
95,gene_95,STM_v1_0.STM3090,452
96,gene_96,STM_v1_0.STM3103,139
98,gene_98,STM_v1_0.STM3158,54
99,gene_99,STM_v1_0.STM3159,60
101,gene_101,STM_v1_0.STM3247,295
102,gene_102,STM_v1_0.STM3248,372
104,gene_104,STM_v1_0.STM3295,186
105,gene_105,STM_v1_0.STM3307,236
107,gene_107,STM_v1_0.STM3351,390
108,gene_108,STM_v1_0.STM3352,505
110,gene_110,STM_v1_0.STM3391,265
111,gene_111,STM_v1_0.STM3407,193
112,gene_112,STM_v1_0.STM3409,157
113,gene_113,STM_v1_0.STM3482,117
116,gene_116,STM_v1_0.STM3557,78
119,gene_119,STM_v1_0.STM3562,180
120,gene_120,STM_v1_0.STM3563,226
121,gene_121,STM_v1_0.STM3627,229
122,gene_122,STM_v1_0.STM3630,82
123,gene_123,STM_v1_0.STM3671,43
124,gene_124,STM_v1_0.STM3672,337
125,gene_125,STM_v1_0.STM3673,189
128,gene_128,STM_v1_0.STM3733,167
131,gene_131,STM_v1_0.STM3882,421
132,gene_132,STM_v1_0.STM3883,207
133,gene_133,STM_v1_0.STM3884,43
135,gene_135,STM_v1_0.STM3909,642
136,gene_136,STM_v1_0.STM3915,107
138,gene_138,STM_v1_0.STM4045,239
139,gene_139,STM_v1_0.STM4046,446
140,gene_140,STM_v1_0.STM4081,223
141,gene_141,STM_v1_0.STM4086,597
142,gene_142,STM_v1_0.STM4130,116
143,gene_143,STM_v1_0.STM4131,129
144,gene_144,STM_v1_0.STM4175,323
145,gene_145,STM_v1_0.STM4221,287
146,gene_146,STM_v1_0.STM4230,262
152,gene_152,STM_v1_0.STM4388,243
154,gene_154,STM_v1_0.STM4451,112
156,gene_156,STM_v1_0.STM4483,226
157,gene_157,STM_v1_0.STM4582,87
159,gene_160,iAF692.Mbar_A0083,72
160,gene_161,iAF692.Mbar_A0086,199
162,gene_163,iAF692.Mbar_A0171,270
163,gene_164,iAF692.Mbar_A0218,540
164,gene_165,iAF692.Mbar_A0219,155
165,gene_166,iAF692.Mbar_A0227,496
166,gene_167,iAF692.Mbar_A0291,124
167,gene_168,iAF692.Mbar_A0378,39
168,gene_169,iAF692.Mbar_A0384,81
169,gene_170,iAF692.Mbar_A0385,520
170,gene_171,iAF692.Mbar_A0386,576
171,gene_172,iAF692.Mbar_A0390,39
172,gene_173,iAF692.Mbar_A0391,93
174,gene_175,iAF692.Mbar_A0503,279
175,gene_176,iAF692.Mbar_A0511,96
178,gene_179,iAF692.Mbar_A0673,164
179,gene_180,iAF692.Mbar_A0760,259
180,gene_181,iAF692.Mbar_A0788,83
181,gene_182,iAF692.Mbar_A0853,140
182,gene_183,iAF692.Mbar_A0861,271
184,gene_185,iAF692.Mbar_A0891,278
185,gene_186,iAF692.Mbar_A0995,139
186,gene_187,iAF692.Mbar_A0996,62
187,gene_188,iAF692.Mbar_A1037,161
188,gene_189,iAF692.Mbar_A1138,85
189,gene_190,iAF692.Mbar_A1150,239
190,gene_191,iAF692.Mbar_A1151,119
191,gene_192,iAF692.Mbar_A1172,95
192,gene_193,iAF692.Mbar_A1219,135
193,gene_194,iAF692.Mbar_A1305,102
194,gene_195,iAF692.Mbar_A1310,167
196,gene_197,iAF692.Mbar_A1375,251
197,gene_198,iAF692.Mbar_A1396,941
198,gene_199,iAF692.Mbar_A1414,44
199,gene_200,iAF692.Mbar_A1417,105
200,gene_201,iAF692.Mbar_A1438,333
201,gene_202,iAF692.Mbar_A1452,43
202,gene_203,iAF692.Mbar_A1507,271
203,gene_204,iAF692.Mbar_A1514,244
204,gene_205,iAF692.Mbar_A1558,48
205,gene_206,iAF692.Mbar_A1641,538
206,gene_207,iAF692.Mbar_A1776,45
207,gene_208,iAF692.Mbar_A2149,143
208,gene_209,iAF692.Mbar_A2172,649
209,gene_210,iAF692.Mbar_A2179,196
211,gene_212,iAF692.Mbar_A2261,263
212,gene_213,iAF692.Mbar_A2262,199
213,gene_214,iAF692.Mbar_A2263,97
215,gene_216,iAF692.Mbar_A2344,446
217,gene_218,iAF692.Mbar_A2517,548
218,gene_219,iAF692.Mbar_A2560,48
219,gene_220,iAF692.Mbar_A2616,172
220,gene_221,iAF692.Mbar_A2617,92
222,gene_223,iAF692.Mbar_A2752,264
223,gene_224,iAF692.Mbar_A2838,206
224,gene_225,iAF692.Mbar_A2894,55
225,gene_226,iAF692.Mbar_A2898,217
227,gene_228,iAF692.Mbar_A3182,69
229,gene_230,iAF692.Mbar_A3423,301
230,gene_231,iAF692.Mbar_A3429,296
231,gene_232,iAF692.Mbar_A3463,368
233,gene_234,iAF692.Mbar_A3635,57
234,gene_235,iAF987.Gmet_0018,102
235,gene_236,iAF987.Gmet_0024,327
236,gene_237,iAF987.Gmet_0043,88
237,gene_238,iAF987.Gmet_0057,318
238,gene_239,iAF987.Gmet_0069,70
240,gene_241,iAF987.Gmet_0073,367
241,gene_242,iAF987.Gmet_0075,383
243,gene_244,iAF987.Gmet_0201,474
245,gene_246,iAF987.Gmet_0209,446
246,gene_247,iAF987.Gmet_0211,226
247,gene_248,iAF987.Gmet_0346,335
248,gene_249,iAF987.Gmet_0354,306
249,gene_250,iAF987.Gmet_0363,54
251,gene_252,iAF987.Gmet_0389,248
252,gene_253,iAF987.Gmet_0406,209
254,gene_255,iAF987.Gmet_0413,193
256,gene_257,iAF987.Gmet_0455,109
258,gene_259,iAF987.Gmet_0491,136
259,gene_260,iAF987.Gmet_0492,99
260,gene_261,iAF987.Gmet_0493,134
261,gene_262,iAF987.Gmet_0495,85
263,gene_264,iAF987.Gmet_0551,277
264,gene_265,iAF987.Gmet_0552,271
265,gene_266,iAF987.Gmet_0647,192
266,gene_267,iAF987.Gmet_0662,44
267,gene_268,iAF987.Gmet_0707,418
270,gene_271,iAF987.Gmet_0819,459
271,gene_272,iAF987.Gmet_0849,93
273,gene_274,iAF987.Gmet_0872,174
274,gene_275,iAF987.Gmet_0885,138
275,gene_276,iAF987.Gmet_0886,255
276,gene_277,iAF987.Gmet_0928,350
277,gene_278,iAF987.Gmet_0940,795
278,gene_279,iAF987.Gmet_0941,137
279,gene_280,iAF987.Gmet_0956,832
280,gene_281,iAF987.Gmet_0957,258
282,gene_283,iAF987.Gmet_0987,174
284,gene_285,iAF987.Gmet_1034,500
287,gene_288,iAF987.Gmet_1162,306
289,gene_290,iAF987.Gmet_1179,63
290,gene_291,iAF987.Gmet_1186,515
291,gene_292,iAF987.Gmet_1248,68
293,gene_294,iAF987.Gmet_1255,83
294,gene_295,iAF987.Gmet_1256,273
295,gene_296,iAF987.Gmet_1260,531
296,gene_297,iAF987.Gmet_1261,155
297,gene_298,iAF987.Gmet_1268,675
298,gene_299,iAF987.Gmet_1269,200
299,gene_300,iAF987.Gmet_1276,596
300,gene_301,iAF987.Gmet_1282,281
301,gene_302,iAF987.Gmet_1290,454
302,gene_303,iAF987.Gmet_1350,91
303,gene_304,iAF987.Gmet_1353,276
304,gene_305,iAF987.Gmet_1354,486
305,gene_306,iAF987.Gmet_1357,516
306,gene_307,iAF987.Gmet_1377,96
307,gene_308,iAF987.Gmet_1388,82
308,gene_309,iAF987.Gmet_1392,132
309,gene_310,iAF987.Gmet_1419,125
310,gene_311,iAF987.Gmet_1425,119
311,gene_312,iAF987.Gmet_1469,229
314,gene_315,iAF987.Gmet_1593,145
315,gene_316,iAF987.Gmet_1601,208
316,gene_317,iAF987.Gmet_1603,368
317,gene_318,iAF987.Gmet_1605,367
318,gene_319,iAF987.Gmet_1613,207
319,gene_320,iAF987.Gmet_1622,146
320,gene_321,iAF987.Gmet_1657,82
321,gene_322,iAF987.Gmet_1676,586
323,gene_324,iAF987.Gmet_1750,130
324,gene_325,iAF987.Gmet_1762,126
325,gene_326,iAF987.Gmet_1770,207
326,gene_327,iAF987.Gmet_1819,241
327,gene_328,iAF987.Gmet_1820,206
329,gene_330,iAF987.Gmet_1832,49
330,gene_331,iAF987.Gmet_1879,473
331,gene_332,iAF987.Gmet_1884,80
332,gene_333,iAF987.Gmet_1888,139
333,gene_334,iAF987.Gmet_1889,193
334,gene_335,iAF987.Gmet_1898,163
338,gene_339,iAF987.Gmet_1914,89
339,gene_340,iAF987.Gmet_1919,83
340,gene_341,iAF987.Gmet_1934,493
342,gene_343,iAF987.Gmet_1960,189
343,gene_344,iAF987.Gmet_1986,172
345,gene_346,iAF987.Gmet_2078,313
346,gene_347,iAF987.Gmet_2085,46
347,gene_348,iAF987.Gmet_2131,288
348,gene_349,iAF987.Gmet_2161,60
349,gene_350,iAF987.Gmet_2292,330
350,gene_351,iAF987.Gmet_2325,404
351,gene_352,iAF987.Gmet_2329,258
352,gene_353,iAF987.Gmet_2340,60
353,gene_354,iAF987.Gmet_2349,264
355,gene_356,iAF987.Gmet_2372,489
356,gene_357,iAF987.Gmet_2391,470
357,gene_358,iAF987.Gmet_2399,181
358,gene_359,iAF987.Gmet_2412,476
359,gene_360,iAF987.Gmet_2439,114
360,gene_361,iAF987.Gmet_2444,55
361,gene_362,iAF987.Gmet_2472,177
362,gene_363,iAF987.Gmet_2530,67
363,gene_364,iAF987.Gmet_2556,138
364,gene_365,iAF987.Gmet_2559,102
365,gene_366,iAF987.Gmet_2633,178
366,gene_367,iAF987.Gmet_2634,232
367,gene_368,iAF987.Gmet_2638,687
370,gene_371,iAF987.Gmet_2727,66
371,gene_372,iAF987.Gmet_2731,105
373,gene_374,iAF987.Gmet_2767,734
375,gene_376,iAF987.Gmet_2822,440
378,gene_379,iAF987.Gmet_2918,790
379,gene_380,iAF987.Gmet_2940,952
380,gene_381,iAF987.Gmet_2947,105
381,gene_382,iAF987.Gmet_2999,158
382,gene_383,iAF987.Gmet_3012,111
383,gene_384,iAF987.Gmet_3026,65
384,gene_385,iAF987.Gmet_3074,268
385,gene_386,iAF987.Gmet_3085,184
386,gene_387,iAF987.Gmet_3133,122
387,gene_388,iAF987.Gmet_3171,84
388,gene_389,iAF987.Gmet_3198,192
391,gene_392,iAF987.Gmet_3246,47
392,gene_393,iAF987.Gmet_3260,328
396,gene_397,iAF987.Gmet_3424,50
397,gene_398,iAF987.Gmet_3425,164
399,gene_400,iAF987.Gmet_3427,174
400,gene_401,iAF987.Gmet_3428,171
402,gene_403,iAF987.Gmet_3431,243
404,gene_405,iAF987.Gmet_3508,82
405,gene_406,iAF987.Gmet_3509,287
406,gene_407,iAF987.Gmet_3528,265
408,gene_409,iAF987.Gmet_3535,182
409,gene_410,iAM_Pb448.PBANKA_080930,107
410,gene_411,iAM_Pb448.PBANKA_100380,478
411,gene_412,iAM_Pb448.PBANKA_101400,493
413,gene_414,iAM_Pb448.PBANKA_113700,207
414,gene_415,iAM_Pb448.PBANKA_132640,403
415,gene_416,iAM_Pb448.PBANKA_133820,97
416,gene_417,iAM_Pb448.PBANKA_146280,73
417,gene_418,iAM_Pc455.PCYB_031390,478
418,gene_419,iAM_Pc455.PCYB_111980,197
420,gene_421,iAM_Pc455.PCYB_132800,483
423,gene_424,iAM_Pf480.PF3D7_0406100,477
424,gene_425,iAM_Pf480.PF3D7_0922900,199
427,gene_428,iAM_Pf480.PF3D7_1430700,486
430,gene_431,iAM_Pv461.PVX_000935,477
431,gene_432,iAM_Pv461.PVX_085005,481
435,gene_436,iAM_Pv461.PVX_115000,196
436,gene_437,iAT_PLT_636.2584,97
437,gene_438,iAT_PLT_636.2618,323
438,gene_439,iAT_PLT_636.2821,287
440,gene_441,iAT_PLT_636.3098,96
444,gene_445,iAT_PLT_636.4905,129
445,gene_446,iAT_PLT_636.5226,538
446,gene_447,iAT_PLT_636.5631,134
447,gene_448,iAT_PLT_636.5634,140
448,gene_449,iAT_PLT_636.5834,746
450,gene_451,iAT_PLT_636.6510,46
452,gene_453,iCHOv1.100682535,207
453,gene_454,iCHOv1.100689210,301
454,gene_455,iCHOv1.100689285,70
455,gene_456,iCHOv1.100689446,324
456,gene_457,iCHOv1.100689468,293
459,gene_460,iCHOv1.100752445,120
460,gene_461,iCHOv1.100753186,147
462,gene_463,iCHOv1.100754792,371
464,gene_465,iCHOv1.100756094,483
465,gene_466,iCHOv1.100756126,343
466,gene_467,iCHOv1.100757350,750
467,gene_468,iCHOv1.100758328,63
468,gene_469,iCHOv1.100760370,129
469,gene_470,iCHOv1.100760751,341
471,gene_472,iCHOv1.100761133,288
473,gene_474,iCHOv1.100765077,63
474,gene_475,iCHOv1.100765199,541
475,gene_476,iCHOv1.100765413,95
476,gene_477,iCHOv1.100765478,129
477,gene_478,iCHOv1.100765901,95
478,gene_479,iCHOv1.100767272,110
479,gene_480,iCHOv1.100767455,52
480,gene_481,iCHOv1.100767893,136
482,gene_483,iCHOv1.100769186,715
485,gene_486,iCHOv1.100773599,72
486,gene_487,iCHOv1.100774665,493
487,gene_488,iCN718.ABAYE_RS01735,238
488,gene_489,iCN718.ABAYE_RS01785,179
489,gene_490,iCN718.ABAYE_RS01925,355
491,gene_492,iCN718.ABAYE_RS03640,154
492,gene_493,iCN718.ABAYE_RS03665,161
493,gene_494,iCN718.ABAYE_RS04050,363
494,gene_495,iCN718.ABAYE_RS04335,266
495,gene_496,iCN718.ABAYE_RS04470,206
497,gene_498,iCN718.ABAYE_RS04620,588
498,gene_499,iCN718.ABAYE_RS04630,662
499,gene_500,iCN718.ABAYE_RS04905,350
500,gene_501,iCN718.ABAYE_RS05140,102
501,gene_502,iCN718.ABAYE_RS05795,78
503,gene_504,iCN718.ABAYE_RS07235,179
504,gene_505,iCN718.ABAYE_RS08160,513
506,gene_507,iCN718.ABAYE_RS08395,138
507,gene_508,iCN718.ABAYE_RS08660,441
510,gene_511,iCN718.ABAYE_RS10800,421
511,gene_512,iCN718.ABAYE_RS11025,175
516,gene_517,iCN718.ABAYE_RS13035,169
517,gene_518,iCN718.ABAYE_RS13345,168
518,gene_519,iCN718.ABAYE_RS13810,491
519,gene_520,iCN718.ABAYE_RS13845,69
520,gene_521,iCN718.ABAYE_RS14110,258
521,gene_522,iCN718.ABAYE_RS14570,275
524,gene_525,iCN718.ABAYE_RS15590,260
525,gene_526,iCN718.ABAYE_RS15605,258
526,gene_527,iCN718.ABAYE_RS15805,576
530,gene_531,iCN718.ABAYE_RS17470,427
532,gene_533,iCN718.ABAYE_RS18875,294
533,gene_534,iCN718.ABAYE_RS19035,184
534,gene_535,iCN718.ABAYE_RS19055,153
535,gene_536,iCN900.CD630_00140,267
536,gene_537,iCN900.CD630_00490,462
537,gene_538,iCN900.CD630_00510,364
538,gene_539,iCN900.CD630_00520,321
539,gene_540,iCN900.CD630_00910,197
540,gene_541,iCN900.CD630_01000,137
543,gene_544,iCN900.CD630_01030,144
544,gene_545,iCN900.CD630_01230,253
545,gene_546,iCN900.CD630_01280,101
546,gene_547,iCN900.CD630_01300,461
547,gene_548,iCN900.CD630_01840,369
548,gene_549,iCN900.CD630_01860,297
549,gene_550,iCN900.CD630_01880,208
550,gene_551,iCN900.CD630_02220,132
552,gene_553,iCN900.CD630_02250,1124
553,gene_554,iCN900.CD630_02510,409
556,gene_557,iCN900.CD630_03010,451
557,gene_558,iCN900.CD630_03020,233
558,gene_559,iCN900.CD630_03130,580
559,gene_560,iCN900.CD630_03270,97
560,gene_561,iCN900.CD630_03450,78
561,gene_562,iCN900.CD630_03960,130
562,gene_563,iCN900.CD630_04030,287
563,gene_564,iCN900.CD630_04050,184
564,gene_565,iCN900.CD630_04310,142
566,gene_567,iCN900.CD630_05910,490
567,gene_568,iCN900.CD630_07180,597
568,gene_569,iCN900.CD630_07370,53
569,gene_570,iCN900.CD630_07510,145
570,gene_571,iCN900.CD630_07520,312
571,gene_572,iCN900.CD630_07530,181
572,gene_573,iCN900.CD630_07540,249
573,gene_574,iCN900.CD630_08330,647
575,gene_576,iCN900.CD630_08850,721
576,gene_577,iCN900.CD630_09890,585
577,gene_578,iCN900.CD630_09920,367
579,gene_580,iCN900.CD630_10010,155
580,gene_581,iCN900.CD630_10100,196
581,gene_582,iCN900.CD630_10240,278
582,gene_583,iCN900.CD630_10600,107
583,gene_584,iCN900.CD630_10620,37
585,gene_586,iCN900.CD630_11820,223
586,gene_587,iCN900.CD630_11840,365
587,gene_588,iCN900.CD630_12260,148
588,gene_589,iCN900.CD630_12790,182
589,gene_590,iCN900.CD630_12820,480
590,gene_591,iCN900.CD630_13270,75
591,gene_592,iCN900.CD630_13530,163
592,gene_593,iCN900.CD630_13820,667
593,gene_594,iCN900.CD630_14500,187
595,gene_596,iCN900.CD630_14770,64
596,gene_597,iCN900.CD630_14780,99
597,gene_598,iCN900.CD630_14790,687
598,gene_599,iCN900.CD630_14890,81
599,gene_600,iCN900.CD630_14900,186
600,gene_601,iCN900.CD630_15260,211
601,gene_602,iCN900.CD630_15360,254
602,gene_603,iCN900.CD630_15370,473
603,gene_604,iCN900.CD630_15500,168
605,gene_606,iCN900.CD630_15770,424
606,gene_607,iCN900.CD630_15820,293
608,gene_609,iCN900.CD630_15880,217
609,gene_610,iCN900.CD630_16140,149
610,gene_611,iCN900.CD630_16550,300
611,gene_612,iCN900.CD630_16910,300
613,gene_614,iCN900.CD630_17750,172
614,gene_615,iCN900.CD630_17850,430
615,gene_616,iCN900.CD630_18250,461
616,gene_617,iCN900.CD630_18320,400
617,gene_618,iCN900.CD630_18330,174
619,gene_620,iCN900.CD630_18390,190
620,gene_621,iCN900.CD630_19470,159
621,gene_622,iCN900.CD630_20140,615
622,gene_623,iCN900.CD630_20200,882
623,gene_624,iCN900.CD630_20310,293
624,gene_625,iCN900.CD630_20320,297
625,gene_626,iCN900.CD630_20330,375
626,gene_627,iCN900.CD630_20500,147
627,gene_628,iCN900.CD630_21070,335
628,gene_629,iCN900.CD630_21150,647
629,gene_630,iCN900.CD630_21170,227
630,gene_631,iCN900.CD630_21220,186
631,gene_632,iCN900.CD630_21240,101
632,gene_633,iCN900.CD630_21280,300
633,gene_634,iCN900.CD630_21300,276
634,gene_635,iCN900.CD630_21350,78
635,gene_636,iCN900.CD630_21360,202
636,gene_637,iCN900.CD630_21660,246
638,gene_639,iCN900.CD630_22390,134
640,gene_641,iCN900.CD630_22450,498
642,gene_643,iCN900.CD630_22690,77
643,gene_644,iCN900.CD630_22780,246
644,gene_645,iCN900.CD630_23180,410
645,gene_646,iCN900.CD630_23210,279
646,gene_647,iCN900.CD630_23220,258
647,gene_648,iCN900.CD630_23350,716
648,gene_649,iCN900.CD630_23560,245
649,gene_650,iCN900.CD630_24100,949
651,gene_652,iCN900.CD630_24910,310
652,gene_653,iCN900.CD630_24930,66
653,gene_654,iCN900.CD630_25490,144
654,gene_655,iCN900.CD630_25740,51
655,gene_656,iCN900.CD630_25960,178
656,gene_657,iCN900.CD630_26110,180
657,gene_658,iCN900.CD630_26230,135
658,gene_659,iCN900.CD630_26270,63
659,gene_660,iCN900.CD630_26300,179
661,gene_662,iCN900.CD630_26640,239
662,gene_663,iCN900.CD630_26950,347
664,gene_665,iCN900.CD630_27260,374
666,gene_667,iCN900.CD630_27390,507
667,gene_668,iCN900.CD630_27420,81
668,gene_669,iCN900.CD630_27440,372
669,gene_670,iCN900.CD630_27450,145
670,gene_671,iCN900.CD630_27550,390
671,gene_672,iCN900.CD630_27800,414
673,gene_674,iCN900.CD630_28280,324
675,gene_676,iCN900.CD630_29540,75
676,gene_677,iCN900.CD630_29550,514
677,gene_678,iCN900.CD630_29560,579
678,gene_679,iCN900.CD630_29600,79
679,gene_680,iCN900.CD630_29710,70
680,gene_681,iCN900.CD630_29890,226
682,gene_683,iCN900.CD630_30650,227
683,gene_684,iCN900.CD630_30740,179
684,gene_685,iCN900.CD630_30750,74
685,gene_686,iCN900.CD630_30840,285
686,gene_687,iCN900.CD630_31700,503
687,gene_688,iCN900.CD630_31720,213
688,gene_689,iCN900.CD630_31730,370
690,gene_691,iCN900.CD630_31950,497
692,gene_693,iCN900.CD630_32560,786
694,gene_695,iCN900.CD630_32740,233
695,gene_696,iCN900.CD630_32810,207
696,gene_697,iCN900.CD630_34140,97
697,gene_698,iCN900.CD630_34150,167
698,gene_699,iCN900.CD630_34160,162
699,gene_700,iCN900.CD630_34170,234
700,gene_701,iCN900.CD630_34400,132
702,gene_703,iCN900.CD630_34560,69
703,gene_704,iCN900.CD630_34590,261
704,gene_705,iCN900.CD630_34600,263
705,gene_706,iCN900.CD630_34770,134
706,gene_707,iCN900.CD630_34790,73
709,gene_710,iCN900.CD630_35270,250
710,gene_711,iCN900.CD630_35300,256
712,gene_713,iCN900.CD630_35550,164
713,gene_714,iCN900.CD630_35880,1172
715,gene_716,iCN900.CD630_35900,1122
716,gene_717,iCN900.CD630_36270,211
717,gene_718,iCN900.CD630_36550,328
718,gene_719,iEK1008.Rv0073,45
720,gene_721,iEK1008.Rv0125,92
721,gene_722,iEK1008.Rv0183,89
722,gene_723,iEK1008.Rv0211,693
724,gene_725,iEK1008.Rv0248c,214
726,gene_727,iEK1008.Rv0486,57
728,gene_729,iEK1008.Rv0634c,73
729,gene_730,iEK1008.Rv0684,613
730,gene_731,iEK1008.Rv0946c,292
731,gene_732,iEK1008.Rv1236,124
732,gene_733,iEK1008.Rv1237,166
733,gene_734,iEK1008.Rv1238,252
735,gene_736,iEK1008.Rv1315,246
736,gene_737,iEK1008.Rv1318c,144
737,gene_738,iEK1008.Rv1319c,152
738,gene_739,iEK1008.Rv1320c,152
739,gene_740,iEK1008.Rv1348,265
740,gene_741,iEK1008.Rv1349,201
742,gene_743,iEK1008.Rv1564c,521
743,gene_744,iEK1008.Rv1605,237
744,gene_745,iEK1008.Rv1689,270
745,gene_746,iEK1008.Rv2039c,178
746,gene_747,iEK1008.Rv2040c,207
747,gene_748,iEK1008.Rv2041c,68
748,gene_749,iEK1008.Rv2136c,105
749,gene_750,iEK1008.Rv2188c,63
750,gene_751,iEK1008.Rv2316,145
753,gene_754,iEK1008.Rv2357c,416
754,gene_755,iEK1008.Rv2397c,228
755,gene_756,iEK1008.Rv2427c,334
756,gene_757,iEK1008.Rv2564,140
757,gene_758,iEK1008.Rv2581c,79
758,gene_759,iEK1008.Rv2793c,125
759,gene_760,iEK1008.Rv2834c,152
762,gene_763,iEK1008.Rv3084,80
763,gene_764,iEK1008.Rv3116,72
766,gene_767,iHN637.CLJU_RS00085,266
768,gene_769,iHN637.CLJU_RS00590,241
770,gene_771,iHN637.CLJU_RS00620,427
771,gene_772,iHN637.CLJU_RS00625,243
772,gene_773,iHN637.CLJU_RS00920,858
773,gene_774,iHN637.CLJU_RS01075,671
775,gene_776,iHN637.CLJU_RS01180,51
776,gene_777,iHN637.CLJU_RS01190,47
777,gene_778,iHN637.CLJU_RS01205,257
778,gene_779,iHN637.CLJU_RS01260,456
779,gene_780,iHN637.CLJU_RS01300,482
780,gene_781,iHN637.CLJU_RS01375,306
781,gene_782,iHN637.CLJU_RS01390,400
782,gene_783,iHN637.CLJU_RS01470,86
783,gene_784,iHN637.CLJU_RS01495,248
784,gene_785,iHN637.CLJU_RS01500,271
786,gene_787,iHN637.CLJU_RS02155,1133
787,gene_788,iHN637.CLJU_RS02275,312
788,gene_789,iHN637.CLJU_RS02400,266
789,gene_790,iHN637.CLJU_RS02615,374
790,gene_791,iHN637.CLJU_RS02620,369
791,gene_792,iHN637.CLJU_RS02625,190
792,gene_793,iHN637.CLJU_RS02630,221
796,gene_797,iHN637.CLJU_RS02745,199
797,gene_798,iHN637.CLJU_RS02945,195
798,gene_799,iHN637.CLJU_RS02950,353
800,gene_801,iHN637.CLJU_RS03245,58
801,gene_802,iHN637.CLJU_RS03255,629
802,gene_803,iHN637.CLJU_RS03295,452
803,gene_804,iHN637.CLJU_RS03400,568
804,gene_805,iHN637.CLJU_RS03910,179
805,gene_806,iHN637.CLJU_RS04010,979
806,gene_807,iHN637.CLJU_RS04205,173
808,gene_809,iHN637.CLJU_RS04215,540
809,gene_810,iHN637.CLJU_RS04220,373
810,gene_811,iHN637.CLJU_RS04225,147
811,gene_812,iHN637.CLJU_RS04230,533
812,gene_813,iHN637.CLJU_RS04235,357
813,gene_814,iHN637.CLJU_RS04385,339
814,gene_815,iHN637.CLJU_RS04475,384
815,gene_816,iHN637.CLJU_RS04600,217
816,gene_817,iHN637.CLJU_RS05190,250
817,gene_818,iHN637.CLJU_RS05195,191
818,gene_819,iHN637.CLJU_RS05270,392
819,gene_820,iHN637.CLJU_RS05470,482
820,gene_821,iHN637.CLJU_RS05570,330
821,gene_822,iHN637.CLJU_RS05575,199
822,gene_823,iHN637.CLJU_RS05580,38
823,gene_824,iHN637.CLJU_RS05585,144
824,gene_825,iHN637.CLJU_RS05590,168
826,gene_827,iHN637.CLJU_RS05660,1146
829,gene_830,iHN637.CLJU_RS05695,37
830,gene_831,iHN637.CLJU_RS05735,224
832,gene_833,iHN637.CLJU_RS05750,253
833,gene_834,iHN637.CLJU_RS05755,256
835,gene_836,iHN637.CLJU_RS05895,263
837,gene_838,iHN637.CLJU_RS06240,135
838,gene_839,iHN637.CLJU_RS06260,265
839,gene_840,iHN637.CLJU_RS06285,70
840,gene_841,iHN637.CLJU_RS06410,190
841,gene_842,iHN637.CLJU_RS06430,286
842,gene_843,iHN637.CLJU_RS06465,94
843,gene_844,iHN637.CLJU_RS06515,76
844,gene_845,iHN637.CLJU_RS06575,348
847,gene_848,iHN637.CLJU_RS07805,100
848,gene_849,iHN637.CLJU_RS08755,257
849,gene_850,iHN637.CLJU_RS08905,117
850,gene_851,iHN637.CLJU_RS08910,227
851,gene_852,iHN637.CLJU_RS08925,338
852,gene_853,iHN637.CLJU_RS08965,96
853,gene_854,iHN637.CLJU_RS10015,640
854,gene_855,iHN637.CLJU_RS10025,169
857,gene_858,iHN637.CLJU_RS10465,197
859,gene_860,iHN637.CLJU_RS10560,308
860,gene_861,iHN637.CLJU_RS10565,318
861,gene_862,iHN637.CLJU_RS10570,364
863,gene_864,iHN637.CLJU_RS10655,282
864,gene_865,iHN637.CLJU_RS10680,279
865,gene_866,iHN637.CLJU_RS10765,207
868,gene_869,iHN637.CLJU_RS11515,547
869,gene_870,iHN637.CLJU_RS11570,43
871,gene_872,iHN637.CLJU_RS11970,354
872,gene_873,iHN637.CLJU_RS12040,75
873,gene_874,iHN637.CLJU_RS12245,483
874,gene_875,iHN637.CLJU_RS12255,468
875,gene_876,iHN637.CLJU_RS12420,1045
876,gene_877,iHN637.CLJU_RS13065,153
877,gene_878,iHN637.CLJU_RS13075,149
878,gene_879,iHN637.CLJU_RS13140,155
879,gene_880,iHN637.CLJU_RS13445,742
881,gene_882,iHN637.CLJU_RS13735,246
882,gene_883,iHN637.CLJU_RS13875,350
883,gene_884,iHN637.CLJU_RS13885,300
884,gene_885,iHN637.CLJU_RS13895,597
887,gene_888,iHN637.CLJU_RS14390,177
888,gene_889,iHN637.CLJU_RS14395,403
889,gene_890,iHN637.CLJU_RS14760,70
890,gene_891,iHN637.CLJU_RS14765,88
891,gene_892,iHN637.CLJU_RS14770,153
892,gene_893,iHN637.CLJU_RS15025,669
893,gene_894,iHN637.CLJU_RS15095,416
894,gene_895,iHN637.CLJU_RS15830,232
896,gene_897,iHN637.CLJU_RS16615,367
897,gene_898,iHN637.CLJU_RS16620,141
899,gene_900,iHN637.CLJU_RS17225,218
900,gene_901,iHN637.CLJU_RS17575,312
901,gene_902,iHN637.CLJU_RS17585,223
902,gene_903,iHN637.CLJU_RS17590,196
903,gene_904,iHN637.CLJU_RS17595,392
905,gene_906,iHN637.CLJU_RS18325,226
906,gene_907,iHN637.CLJU_RS18335,496
907,gene_908,iHN637.CLJU_RS18405,214
908,gene_909,iHN637.CLJU_RS18540,611
909,gene_910,iHN637.CLJU_RS18905,289
910,gene_911,iHN637.CLJU_RS19255,523
911,gene_912,iHN637.CLJU_RS19265,218
912,gene_913,iHN637.CLJU_RS19270,387
913,gene_914,iHN637.CLJU_RS19450,363
914,gene_915,iHN637.CLJU_RS19680,347
915,gene_916,iHN637.CLJU_RS19915,50
916,gene_917,iHN637.CLJU_RS19940,301
917,gene_918,iHN637.CLJU_RS20420,157
918,gene_919,iHN637.CLJU_RS20535,182
919,gene_920,iHN637.CLJU_RS20580,140
920,gene_921,iHN637.CLJU_RS20600,224
921,gene_922,iHN637.CLJU_RS20750,101
922,gene_923,iHN637.CLJU_RS20760,374
923,gene_924,iHN637.CLJU_RS20765,150
924,gene_925,iHN637.CLJU_RS20860,334
926,gene_927,iIS312.TCDM_00278,336
928,gene_929,iIS312.TCDM_03509,852
929,gene_930,iIS312.TCDM_05039,284
930,gene_931,iIS312.TCDM_06857,349
932,gene_933,iIS312.TCDM_09578,72
933,gene_934,iIT341.HP0197,426
934,gene_935,iIT341.HP0380,479
935,gene_936,iIT341.HP0381,67
936,gene_937,iIT341.HP0493,116
938,gene_939,iIT341.HP0648,252
939,gene_940,iIT341.HP0742,148
940,gene_941,iIT341.HP0824,97
941,gene_942,iIT341.HP0857,119
942,gene_943,iIT341.HP1020,154
943,gene_944,iIT341.HP1099,164
944,gene_945,iIT341.HP1221,196
945,gene_946,iIT341.HP1325,570
946,gene_947,iIT341.HP1468,327
947,gene_948,iIT341.HP1576,259
948,gene_949,iJN1463.PP_0043,280
950,gene_951,iJN1463.PP_0065,173
951,gene_952,iJN1463.PP_0112,235
952,gene_953,iJN1463.PP_0113,181
953,gene_954,iJN1463.PP_0114,103
956,gene_957,iJN1463.PP_0219,175
957,gene_958,iJN1463.PP_0225,244
958,gene_959,iJN1463.PP_0227,157
959,gene_960,iJN1463.PP_0239,149
960,gene_961,iJN1463.PP_0283,249
962,gene_963,iJN1463.PP_0293,251
963,gene_964,iJN1463.PP_0322,345
964,gene_965,iJN1463.PP_0411,271
966,gene_967,iJN1463.PP_0416,108
968,gene_969,iJN1463.PP_0601,195
969,gene_970,iJN1463.PP_0602,76
970,gene_971,iJN1463.PP_0671,340
971,gene_972,iJN1463.PP_0675,491
972,gene_973,iJN1463.PP_0735,75
973,gene_974,iJN1463.PP_0794,135
974,gene_975,iJN1463.PP_0833,322
975,gene_976,iJN1463.PP_0880,209
976,gene_977,iJN1463.PP_0881,167
977,gene_978,iJN1463.PP_0931,346
978,gene_979,iJN1463.PP_0936,112
979,gene_980,iJN1463.PP_0964,246
980,gene_981,iJN1463.PP_0967,253
981,gene_982,iJN1463.PP_1018,327
982,gene_983,iJN1463.PP_1024,152
983,gene_984,iJN1463.PP_1025,546
984,gene_985,iJN1463.PP_1075,618
985,gene_986,iJN1463.PP_1139,197
986,gene_987,iJN1463.PP_1140,226
987,gene_988,iJN1463.PP_1144,174
988,gene_989,iJN1463.PP_1167,275
989,gene_990,iJN1463.PP_1168,65
990,gene_991,iJN1463.PP_1169,155
991,gene_992,iJN1463.PP_1205,446
992,gene_993,iJN1463.PP_1225,39
995,gene_996,iJN1463.PP_1336,135
996,gene_997,iJN1463.PP_1385,261
997,gene_998,iJN1463.PP_1416,302
998,gene_999,iJN1463.PP_1418,97
999,gene_1000,iJN1463.PP_1484,230
1000,gene_1001,iJN1463.PP_1494,77
1003,gene_1004,iJN1463.PP_1610,476
1004,gene_1005,iJN1463.PP_1612,486
1006,gene_1007,iJN1463.PP_1722,241
1007,gene_1008,iJN1463.PP_1768,338
1008,gene_1009,iJN1463.PP_1777,109
1010,gene_1011,iJN1463.PP_1785,372
1011,gene_1012,iJN1463.PP_1801,108
1012,gene_1013,iJN1463.PP_1805,287
1013,gene_1014,iJN1463.PP_1915,71
1014,gene_1015,iJN1463.PP_1916,385
1015,gene_1016,iJN1463.PP_1977,338
1016,gene_1017,iJN1463.PP_1988,386
1017,gene_1018,iJN1463.PP_2130,97
1018,gene_1019,iJN1463.PP_2145,132
1020,gene_1021,iJN1463.PP_2410,273
1021,gene_1022,iJN1463.PP_2416,97
1022,gene_1023,iJN1463.PP_2454,42
1023,gene_1024,iJN1463.PP_2458,131
1025,gene_1026,iJN1463.PP_2465,575
1026,gene_1027,iJN1463.PP_2492,206
1029,gene_1030,iJN1463.PP_3129,274
1031,gene_1032,iJN1463.PP_3426,267
1032,gene_1033,iJN1463.PP_3511,322
1034,gene_1035,iJN1463.PP_3817,264
1035,gene_1036,iJN1463.PP_4029,55
1036,gene_1037,iJN1463.PP_4055,515
1037,gene_1038,iJN1463.PP_4150,122
1038,gene_1039,iJN1463.PP_4215,99
1040,gene_1041,iJN1463.PP_4284,327
1041,gene_1042,iJN1463.PP_4405,69
1043,gene_1044,iJN1463.PP_4635,382
1045,gene_1046,iJN1463.PP_4653,333
1047,gene_1048,iJN1463.PP_4717,187
1049,gene_1050,iJN1463.PP_4862,77
1050,gene_1051,iJN1463.PP_4865,169
1052,gene_1053,iJN1463.PP_4882,140
1054,gene_1055,iJN1463.PP_4893,48
1055,gene_1056,iJN1463.PP_4903,147
1056,gene_1057,iJN1463.PP_4935,201
1057,gene_1058,iJN1463.PP_4965,507
1059,gene_1060,iJN1463.PP_5123,140
1061,gene_1062,iJN1463.PP_5135,139
1062,gene_1063,iJN1463.PP_5136,166
1063,gene_1064,iJN1463.PP_5137,192
1065,gene_1066,iJN1463.PP_5179,144
1066,gene_1067,iJN1463.PP_5185,181
1067,gene_1068,iJN1463.PP_5215,43
1069,gene_1070,iJN1463.PP_5291,170
1070,gene_1071,iJN1463.PP_5306,56
1072,gene_1073,iJN1463.PP_5346,509
1073,gene_1074,iJN1463.PP_5386,57
1075,gene_1076,iLB1027_lipid.PHATRDRAFT_16944,182
1076,gene_1077,iLB1027_lipid.PHATRDRAFT_20318,76
1077,gene_1078,iLB1027_lipid.PHATRDRAFT_20809,186
1078,gene_1079,iLB1027_lipid.PHATRDRAFT_22909,426
1080,gene_1081,iLB1027_lipid.PHATRDRAFT_29824,842
1082,gene_1083,iLB1027_lipid.PHATRDRAFT_42247,454
1084,gene_1085,iLJ478.TM0030,42
1085,gene_1086,iLJ478.TM0040,201
1086,gene_1087,iLJ478.TM0056,66
1087,gene_1088,iLJ478.TM0057,341
1088,gene_1089,iLJ478.TM0058,316
1089,gene_1090,iLJ478.TM0059,221
1090,gene_1091,iLJ478.TM0060,131
1092,gene_1093,iLJ478.TM0067,388
1094,gene_1095,iLJ478.TM0069,458
1096,gene_1097,iLJ478.TM0112,50
1097,gene_1098,iLJ478.TM0114,105
1098,gene_1099,iLJ478.TM0115,432
1099,gene_1100,iLJ478.TM0116,242
1100,gene_1101,iLJ478.TM0166,174
1102,gene_1103,iLJ478.TM0202,137
1103,gene_1104,iLJ478.TM0203,78
1104,gene_1105,iLJ478.TM0204,159
1105,gene_1106,iLJ478.TM0272,1009
1106,gene_1107,iLJ478.TM0282,251
1107,gene_1108,iLJ478.TM0293,362
1109,gene_1110,iLJ478.TM0343,325
1111,gene_1112,iLJ478.TM0421,268
1112,gene_1113,iLJ478.TM0449,183
1114,gene_1115,iLJ478.TM0492,201
1115,gene_1116,iLJ478.TM0514,473
1116,gene_1117,iLJ478.TM0548,505
1117,gene_1118,iLJ478.TM0552,501
1118,gene_1119,iLJ478.TM0689,405
1119,gene_1120,iLJ478.TM0716,529
1120,gene_1121,iLJ478.TM0720,377
1121,gene_1122,iLJ478.TM0740,538
1122,gene_1123,iLJ478.TM0741,134
1123,gene_1124,iLJ478.TM0751,408
1124,gene_1125,iLJ478.TM0809,137
1126,gene_1127,iLJ478.TM0869,239
1127,gene_1128,iLJ478.TM0877,476
1128,gene_1129,iLJ478.TM0881,330
1131,gene_1132,iLJ478.TM0955,178
1132,gene_1133,iLJ478.TM0956,401
1136,gene_1137,iLJ478.TM1063,207
1138,gene_1139,iLJ478.TM1066,120
1139,gene_1140,iLJ478.TM1067,70
1141,gene_1142,iLJ478.TM1097,347
1142,gene_1143,iLJ478.TM1120,200
1143,gene_1144,iLJ478.TM1121,129
1144,gene_1145,iLJ478.TM1122,169
1145,gene_1146,iLJ478.TM1135,199
1146,gene_1147,iLJ478.TM1136,241
1147,gene_1148,iLJ478.TM1137,175
1148,gene_1149,iLJ478.TM1138,263
1149,gene_1150,iLJ478.TM1139,273
1150,gene_1151,iLJ478.TM1148,458
1151,gene_1152,iLJ478.TM1161,223
1152,gene_1153,iLJ478.TM1185,118
1153,gene_1154,iLJ478.TM1190,119
1154,gene_1155,iLJ478.TM1204,141
1156,gene_1157,iLJ478.TM1273,387
1157,gene_1158,iLJ478.TM1375,318
1158,gene_1159,iLJ478.TM1376,417
1159,gene_1160,iLJ478.TM1377,237
1160,gene_1161,iLJ478.TM1378,224
1162,gene_1163,iLJ478.TM1383,134
1163,gene_1164,iLJ478.TM1396,462
1164,gene_1165,iLJ478.TM1397,80
1165,gene_1166,iLJ478.TM1398,192
1166,gene_1167,iLJ478.TM1410,100
1167,gene_1168,iLJ478.TM1430,604
1168,gene_1169,iLJ478.TM1432,313
1169,gene_1170,iLJ478.TM1433,295
1170,gene_1171,iLJ478.TM1441,504
1171,gene_1172,iLJ478.TM1479,192
1172,gene_1173,iLJ478.TM1521,238
1173,gene_1174,iLJ478.TM1559,189
1174,gene_1175,iLJ478.TM1640,459
1175,gene_1176,iLJ478.TM1653,347
1176,gene_1177,iLJ478.TM1658,427
1177,gene_1178,iLJ478.TM1693,58
1178,gene_1179,iLJ478.TM1724,211
1180,gene_1181,iLJ478.TM1749,317
1181,gene_1182,iLJ478.TM1750,339
1183,gene_1184,iLJ478.TM1785,293
1184,gene_1185,iLJ478.TM1817,873
1186,gene_1187,iLJ478.TM1861,78
1187,gene_1188,iLJ478.TM1867,274
1188,gene_1189,iLJ478.TM1878,268
1189,gene_1190,iML1515.b0002,688
1190,gene_1191,iML1515.b0004,264
1193,gene_1194,iML1515.b0066,105
1194,gene_1195,iML1515.b0068,211
1196,gene_1197,iML1515.b0089,159
1199,gene_1200,iML1515.b0174,195
1200,gene_1201,iML1515.b0175,73
1201,gene_1202,iML1515.b0199,274
1202,gene_1203,iML1515.b0367,82
1203,gene_1204,iML1515.b0381,274
1204,gene_1205,iML1515.b0386,209
1206,gene_1207,iML1515.b0465,77
1207,gene_1208,iML1515.b0469,149
1208,gene_1209,iML1515.b0514,288
1210,gene_1211,iML1515.b0650,254
1211,gene_1212,iML1515.b0657,75
1213,gene_1214,iML1515.b0678,296
1214,gene_1215,iML1515.b0755,334
1216,gene_1217,iML1515.b0826,75
1218,gene_1219,iML1515.b0831,238
1219,gene_1220,iML1515.b0832,229
1220,gene_1221,iML1515.b0839,151
1221,gene_1222,iML1515.b0855,238
1222,gene_1223,iML1515.b0886,176
1223,gene_1224,iML1515.b0914,257
1224,gene_1225,iML1515.b0918,47
1225,gene_1226,iML1515.b1010,63
1227,gene_1228,iML1515.b1093,130
1228,gene_1229,iML1515.b1094,64
1230,gene_1231,iML1515.b1126,238
1233,gene_1234,iML1515.b1244,311
1234,gene_1235,iML1515.b1246,221
1235,gene_1236,iML1515.b1247,325
1236,gene_1237,iML1515.b1308,56
1239,gene_1240,iML1515.b1514,206
1240,gene_1241,iML1515.b1515,233
1242,gene_1243,iML1515.b1517,299
1243,gene_1244,iML1515.b1533,62
1244,gene_1245,iML1515.b1535,77
1245,gene_1246,iML1515.b1601,100
1246,gene_1247,iML1515.b1655,89
1247,gene_1248,iML1515.b1682,203
1248,gene_1249,iML1515.b1761,494
1249,gene_1250,iML1515.b1779,437
1250,gene_1251,iML1515.b1781,289
1251,gene_1252,iML1515.b1850,158
1252,gene_1253,iML1515.b1856,100
1253,gene_1254,iML1515.b1917,238
1254,gene_1255,iML1515.b1920,152
1255,gene_1256,iML1515.b1985,180
1256,gene_1257,iML1515.b2026,134
1257,gene_1258,iML1515.b2028,463
1261,gene_1262,iML1515.b2048,111
1263,gene_1264,iML1515.b2129,74
1264,gene_1265,iML1515.b2149,413
1266,gene_1267,iML1515.b2175,81
1267,gene_1268,iML1515.b2180,117
1268,gene_1269,iML1515.b2232,40
1269,gene_1270,iML1515.b2306,236
1270,gene_1271,iML1515.b2411,218
1271,gene_1272,iML1515.b2415,81
1274,gene_1275,iML1515.b2470,254
1275,gene_1276,iML1515.b2519,246
1276,gene_1277,iML1515.b2661,300
1277,gene_1278,iML1515.b2710,205
1278,gene_1279,iML1515.b2779,478
1279,gene_1280,iML1515.b2780,436
1281,gene_1282,iML1515.b2787,611
1283,gene_1284,iML1515.b2818,196
1285,gene_1286,iML1515.b2924,76
1286,gene_1287,iML1515.b2935,514
1287,gene_1288,iML1515.b2942,456
1288,gene_1289,iML1515.b2954,139
1289,gene_1290,iML1515.b3005,55
1290,gene_1291,iML1515.b3006,63
1291,gene_1292,iML1515.b3011,202
1295,gene_1296,iML1515.b3124,297
1298,gene_1299,iML1515.b3177,184
1300,gene_1301,iML1515.b3225,153
1301,gene_1302,iML1515.b3248,117
1302,gene_1303,iML1515.b3266,278
1303,gene_1304,iML1515.b3290,163
1304,gene_1305,iML1515.b3291,123
1305,gene_1306,iML1515.b3385,118
1308,gene_1309,iML1515.b3450,244
1311,gene_1312,iML1515.b3456,179
1312,gene_1313,iML1515.b3457,226
1315,gene_1316,iML1515.b3544,158
1316,gene_1317,iML1515.b3567,397
1318,gene_1319,iML1515.b3577,43
1319,gene_1320,iML1515.b3578,233
1320,gene_1321,iML1515.b3579,183
1321,gene_1322,iML1515.b3580,313
1324,gene_1325,iML1515.b3590,72
1325,gene_1326,iML1515.b3614,104
1326,gene_1327,iML1515.b3642,163
1328,gene_1329,iML1515.b3671,478
1329,gene_1330,iML1515.b3697,125
1331,gene_1332,iML1515.b3749,422
1332,gene_1333,iML1515.b3750,270
1333,gene_1334,iML1515.b3751,231
1334,gene_1335,iML1515.b3752,162
1335,gene_1336,iML1515.b3774,596
1336,gene_1337,iML1515.b3781,107
1337,gene_1338,iML1515.b3788,376
1340,gene_1341,iML1515.b3885,65
1341,gene_1342,iML1515.b3902,238
1343,gene_1344,iML1515.b3919,220
1344,gene_1345,iML1515.b3926,644
1345,gene_1346,iML1515.b3967,131
1347,gene_1348,iML1515.b4005,324
1348,gene_1349,iML1515.b4025,289
1350,gene_1351,iML1515.b4035,248
1351,gene_1352,iML1515.b4084,192
1352,gene_1353,iML1515.b4085,268
1354,gene_1355,iML1515.b4087,474
1355,gene_1356,iML1515.b4088,260
1356,gene_1357,iML1515.b4090,166
1357,gene_1358,iML1515.b4092,47
1359,gene_1360,iML1515.b4161,134
1360,gene_1361,iML1515.b4167,136
1361,gene_1362,iML1515.b4173,243
1363,gene_1364,iML1515.b4195,150
1365,gene_1366,iML1515.b4198,246
1366,gene_1367,iML1515.b4230,222
1368,gene_1369,iML1515.b4237,112
1369,gene_1370,iML1515.b4238,428
1371,gene_1372,iML1515.b4352,109
1372,gene_1373,iML1515.b4388,45
1374,gene_1375,iMM1415.102857,119
1375,gene_1376,iMM1415.103988,93
1376,gene_1377,iMM1415.107272,338
1377,gene_1378,iMM1415.107885,62
1378,gene_1379,iMM1415.110095,757
1379,gene_1380,iMM1415.110208,532
1380,gene_1381,iMM1415.110639,142
1381,gene_1382,iMM1415.110935,484
1383,gene_1384,iMM1415.11821,137
1384,gene_1385,iMM1415.11966,493
1385,gene_1386,iMM1415.14411,120
1386,gene_1387,iMM1415.14412,119
1387,gene_1388,iMM1415.14450,313
1388,gene_1389,iMM1415.14593,117
1389,gene_1390,iMM1415.14751,286
1392,gene_1393,iMM1415.15277,93
1393,gene_1394,iMM1415.15487,77
1394,gene_1395,iMM1415.18195,129
1395,gene_1396,iMM1415.18670,199
1396,gene_1397,iMM1415.19139,134
1397,gene_1398,iMM1415.19309,756
1399,gene_1400,iMM1415.20514,42
1401,gene_1402,iMM1415.229363,345
1402,gene_1403,iMM1415.232333,129
1404,gene_1405,iMM1415.243616,120
1405,gene_1406,iMM1415.26384,296
1407,gene_1408,iMM1415.56185,58
1408,gene_1409,iMM1415.67980,290
1409,gene_1410,iMM904.YBL064C,167
1410,gene_1411,iMM904.YBL068W,139
1411,gene_1412,iMM904.YBL076C,854
1412,gene_1413,iMM904.YBR034C,42
1413,gene_1414,iMM904.YBR127C,490
1414,gene_1415,iMM904.YBR196C,313
1416,gene_1417,iMM904.YDR158W,239
1417,gene_1418,iMM904.YGR256W,200
1418,gene_1419,iMM904.YGR264C,518
1419,gene_1420,iMM904.YHL011C,141
1420,gene_1421,iMM904.YHR183W,205
1422,gene_1423,iMM904.YML059C,45
1423,gene_1424,iMM904.YML106W,161
1424,gene_1425,iMM904.YMR226C,83
1426,gene_1427,iMM904.YPR033C,166
1427,gene_1428,iNF517.LLMG_RS00430,204
1428,gene_1429,iNF517.LLMG_RS00605,393
1430,gene_1431,iNF517.LLMG_RS00755,416
1434,gene_1435,iNF517.LLMG_RS02010,272
1435,gene_1436,iNF517.LLMG_RS02055,265
1436,gene_1437,iNF517.LLMG_RS03215,483
1437,gene_1438,iNF517.LLMG_RS03315,441
1438,gene_1439,iNF517.LLMG_RS03735,286
1439,gene_1440,iNF517.LLMG_RS04060,414
1440,gene_1441,iNF517.LLMG_RS04065,205
1443,gene_1444,iNF517.LLMG_RS04440,524
1444,gene_1445,iNF517.LLMG_RS04530,347
1445,gene_1446,iNF517.LLMG_RS04555,381
1446,gene_1447,iNF517.LLMG_RS04880,166
1447,gene_1448,iNF517.LLMG_RS05125,336
1448,gene_1449,iNF517.LLMG_RS05390,199
1450,gene_1451,iNF517.LLMG_RS05530,1098
1451,gene_1452,iNF517.LLMG_RS05670,178
1452,gene_1453,iNF517.LLMG_RS05690,295
1453,gene_1454,iNF517.LLMG_RS05980,335
1454,gene_1455,iNF517.LLMG_RS06045,155
1455,gene_1456,iNF517.LLMG_RS06160,59
1456,gene_1457,iNF517.LLMG_RS06540,239
1457,gene_1458,iNF517.LLMG_RS06585,251
1458,gene_1459,iNF517.LLMG_RS06730,263
1459,gene_1460,iNF517.LLMG_RS07160,158
1460,gene_1461,iNF517.LLMG_RS07220,125
1461,gene_1462,iNF517.LLMG_RS07275,377
1462,gene_1463,iNF517.LLMG_RS07320,174
1463,gene_1464,iNF517.LLMG_RS07435,119
1464,gene_1465,iNF517.LLMG_RS07670,179
1466,gene_1467,iNF517.LLMG_RS08030,617
1467,gene_1468,iNF517.LLMG_RS08455,167
1468,gene_1469,iNF517.LLMG_RS08520,293
1470,gene_1471,iNF517.LLMG_RS08750,927
1471,gene_1472,iNF517.LLMG_RS08760,142
1473,gene_1474,iNF517.LLMG_RS08950,206
1474,gene_1475,iNF517.LLMG_RS08975,147
1475,gene_1476,iNF517.LLMG_RS09365,728
1477,gene_1478,iNF517.LLMG_RS09720,253
1478,gene_1479,iNF517.LLMG_RS09820,164
1479,gene_1480,iNF517.LLMG_RS09915,265
1482,gene_1483,iNF517.LLMG_RS10940,70
1483,gene_1484,iNF517.LLMG_RS11000,199
1484,gene_1485,iNF517.LLMG_RS11055,323
1485,gene_1486,iNF517.LLMG_RS11115,516
1486,gene_1487,iNF517.LLMG_RS11200,259
1487,gene_1488,iNF517.LLMG_RS11210,295
1488,gene_1489,iNF517.LLMG_RS11600,258
1489,gene_1490,iNF517.LLMG_RS11765,40
1490,gene_1491,iNF517.LLMG_RS12010,108
1492,gene_1493,iNF517.LLMG_RS12400,164
1494,gene_1495,iPC815.YPO0008,207
1495,gene_1496,iPC815.YPO0045,165
1497,gene_1498,iPC815.YPO0085,207
1498,gene_1499,iPC815.YPO0239,155
1499,gene_1500,iPC815.YPO0328,251
1501,gene_1502,iPC815.YPO0365,139
1502,gene_1503,iPC815.YPO0410,226
1503,gene_1504,iPC815.YPO0411,204
1505,gene_1506,iPC815.YPO0459,697
1506,gene_1507,iPC815.YPO0461,278
1508,gene_1509,iPC815.YPO0522,214
1509,gene_1510,iPC815.YPO0532,348
1511,gene_1512,iPC815.YPO0682,59
1512,gene_1513,iPC815.YPO0683,52
1513,gene_1514,iPC815.YPO0844,216
1514,gene_1515,iPC815.YPO0926,518
1515,gene_1516,iPC815.YPO0931,440
1517,gene_1518,iPC815.YPO0958,365
1518,gene_1519,iPC815.YPO1022,181
1519,gene_1520,iPC815.YPO1049,192
1520,gene_1521,iPC815.YPO1050,84
1522,gene_1523,iPC815.YPO1073,256
1523,gene_1524,iPC815.YPO1133,324
1524,gene_1525,iPC815.YPO1215,40
1525,gene_1526,iPC815.YPO1332,241
1527,gene_1528,iPC815.YPO1395,273
1528,gene_1529,iPC815.YPO1412,464
1530,gene_1531,iPC815.YPO1508,516
1532,gene_1533,iPC815.YPO1542,140
1534,gene_1535,iPC815.YPO1601,360
1535,gene_1536,iPC815.YPO1913,276
1536,gene_1537,iPC815.YPO1914,253
1537,gene_1538,iPC815.YPO2013,142
1538,gene_1539,iPC815.YPO2060,83
1539,gene_1540,iPC815.YPO2067,152
1540,gene_1541,iPC815.YPO2157,441
1542,gene_1543,iPC815.YPO2369,280
1543,gene_1544,iPC815.YPO2433,543
1544,gene_1545,iPC815.YPO2439,380
1545,gene_1546,iPC815.YPO2440,344
1546,gene_1547,iPC815.YPO2441,288
1547,gene_1548,iPC815.YPO2442,271
1549,gene_1550,iPC815.YPO2514,238
1550,gene_1551,iPC815.YPO2539,227
1551,gene_1552,iPC815.YPO2601,150
1552,gene_1553,iPC815.YPO2616,81
1554,gene_1555,iPC815.YPO2627,304
1556,gene_1557,iPC815.YPO2846,254
1557,gene_1558,iPC815.YPO2993,81
1558,gene_1559,iPC815.YPO3073,310
1560,gene_1561,iPC815.YPO3099,291
1561,gene_1562,iPC815.YPO3123,135
1563,gene_1564,iPC815.YPO3326,236
1564,gene_1565,iPC815.YPO3334,317
1566,gene_1567,iPC815.YPO3377,436
1567,gene_1568,iPC815.YPO3378,182
1569,gene_1570,iPC815.YPO3454,411
1572,gene_1573,iPC815.YPO3626,150
1573,gene_1574,iPC815.YPO3712,266
1574,gene_1575,iPC815.YPO3718,293
1576,gene_1577,iPC815.YPO3793,264
1577,gene_1578,iPC815.YPO3806,184
1578,gene_1579,iPC815.YPO3807,243
1580,gene_1581,iPC815.YPO3862,376
1581,gene_1582,iPC815.YPO3868,100
1582,gene_1583,iPC815.YPO3888,607
1583,gene_1584,iPC815.YPO3907,470
1584,gene_1585,iPC815.YPO3909,128
1585,gene_1586,iPC815.YPO3938,724
1586,gene_1587,iPC815.YPO3964,314
1587,gene_1588,iPC815.YPO3971,494
1588,gene_1589,iPC815.YPO3980,291
1591,gene_1592,iPC815.YPO4003,88
1592,gene_1593,iPC815.YPO4036,281
1593,gene_1594,iSDY_1059.SDY_0002,687
1594,gene_1595,iSDY_1059.SDY_0004,264
1598,gene_1599,iSDY_1059.SDY_0093,108
1599,gene_1600,iSDY_1059.SDY_0095,210
1602,gene_1603,iSDY_1059.SDY_0190,203
1603,gene_1604,iSDY_1059.SDY_0191,73
1604,gene_1605,iSDY_1059.SDY_0218,274
1605,gene_1606,iSDY_1059.SDY_0278,320
1606,gene_1607,iSDY_1059.SDY_0356,209
1607,gene_1608,iSDY_1059.SDY_0365,243
1608,gene_1609,iSDY_1059.SDY_0450,150
1610,gene_1611,iSDY_1059.SDY_0593,73
1612,gene_1613,iSDY_1059.SDY_0612,296
1614,gene_1615,iSDY_1059.SDY_0702,332
1615,gene_1616,iSDY_1059.SDY_0740,234
1616,gene_1617,iSDY_1059.SDY_0755,228
1617,gene_1618,iSDY_1059.SDY_0756,238
1619,gene_1620,iSDY_1059.SDY_0761,75
1621,gene_1622,iSDY_1059.SDY_0841,149
1623,gene_1624,iSDY_1059.SDY_1136,156
1626,gene_1627,iSDY_1059.SDY_1302,311
1627,gene_1628,iSDY_1059.SDY_1304,323
1628,gene_1629,iSDY_1059.SDY_1305,320
1629,gene_1630,iSDY_1059.SDY_1455,286
1630,gene_1631,iSDY_1059.SDY_1456,315
1631,gene_1632,iSDY_1059.SDY_1457,348
1632,gene_1633,iSDY_1059.SDY_1486,275
1633,gene_1634,iSDY_1059.SDY_1488,437
1634,gene_1635,iSDY_1059.SDY_1514,495
1636,gene_1637,iSDY_1059.SDY_1814,542
1637,gene_1638,iSDY_1059.SDY_1860,287
1638,gene_1639,iSDY_1059.SDY_1913,201
1639,gene_1640,iSDY_1059.SDY_1936,56
1640,gene_1641,iSDY_1059.SDY_2026,253
1641,gene_1642,iSDY_1059.SDY_2055,352
1642,gene_1643,iSDY_1059.SDY_2056,64
1643,gene_1644,iSDY_1059.SDY_2057,206
1646,gene_1647,iSDY_1059.SDY_2213,508
1647,gene_1648,iSDY_1059.SDY_2215,131
1648,gene_1649,iSDY_1059.SDY_2327,472
1649,gene_1650,iSDY_1059.SDY_2340,47
1650,gene_1651,iSDY_1059.SDY_2344,257
1651,gene_1652,iSDY_1059.SDY_2375,179
1652,gene_1653,iSDY_1059.SDY_2424,40
1653,gene_1654,iSDY_1059.SDY_2505,236
1655,gene_1656,iSDY_1059.SDY_2608,220
1656,gene_1657,iSDY_1059.SDY_2612,81
1658,gene_1659,iSDY_1059.SDY_2654,252
1659,gene_1660,iSDY_1059.SDY_2837,122
1660,gene_1661,iSDY_1059.SDY_2893,439
1661,gene_1662,iSDY_1059.SDY_2907,206
1662,gene_1663,iSDY_1059.SDY_2996,478
1666,gene_1667,iSDY_1059.SDY_3035,196
1667,gene_1668,iSDY_1059.SDY_3067,63
1668,gene_1669,iSDY_1059.SDY_3068,53
1669,gene_1670,iSDY_1059.SDY_3118,140
1670,gene_1671,iSDY_1059.SDY_3130,456
1671,gene_1672,iSDY_1059.SDY_3141,516
1673,gene_1674,iSDY_1059.SDY_3318,297
1674,gene_1675,iSDY_1059.SDY_3319,362
1675,gene_1676,iSDY_1059.SDY_3358,193
1678,gene_1679,iSDY_1059.SDY_3464,140
1679,gene_1680,iSDY_1059.SDY_3466,154
1682,gene_1683,iSDY_1059.SDY_3605,169
1686,gene_1687,iSDY_1059.SDY_3694,48
1689,gene_1690,iSDY_1059.SDY_3761,131
1690,gene_1691,iSDY_1059.SDY_3818,600
1691,gene_1692,iSDY_1059.SDY_3826,225
1694,gene_1695,iSDY_1059.SDY_3968,107
1695,gene_1696,iSDY_1059.SDY_3974,643
1697,gene_1698,iSDY_1059.SDY_4073,163
1698,gene_1699,iSDY_1059.SDY_4082,356
1701,gene_1702,iSDY_1059.SDY_4226,289
1702,gene_1703,iSDY_1059.SDY_4256,112
1703,gene_1704,iSDY_1059.SDY_4257,427
1705,gene_1706,iSDY_1059.SDY_4367,236
1707,gene_1708,iSDY_1059.SDY_4431,134
1709,gene_1710,iSDY_1059.SDY_4567,157
1710,gene_1711,iSDY_1059.SDY_4649,45
1711,gene_1712,iSDY_1059.SDY_4656,83
1712,gene_1713,iSF_1195.SF0002,688
1713,gene_1714,iSF_1195.SF0004,264
1718,gene_1719,iSF_1195.SF0061,109
1719,gene_1720,iSF_1195.SF0063,213
1722,gene_1723,iSF_1195.SF0164,201
1723,gene_1724,iSF_1195.SF0165,73
1724,gene_1725,iSF_1195.SF0190,272
1725,gene_1726,iSF_1195.SF0232,243
1726,gene_1727,iSF_1195.SF0251,78
1727,gene_1728,iSF_1195.SF0322,209
1728,gene_1729,iSF_1195.SF0414,149
1729,gene_1730,iSF_1195.SF0457,321
1730,gene_1731,iSF_1195.SF0549,334
1731,gene_1732,iSF_1195.SF0561,39
1732,gene_1733,iSF_1195.SF0615,296
1734,gene_1735,iSF_1195.SF0625,70
1735,gene_1736,iSF_1195.SF0649,152
1737,gene_1738,iSF_1195.SF0776,75
1738,gene_1739,iSF_1195.SF0781,238
1739,gene_1740,iSF_1195.SF0782,221
1740,gene_1741,iSF_1195.SF0809,238
1741,gene_1742,iSF_1195.SF0845,175
1742,gene_1743,iSF_1195.SF0910,257
1743,gene_1744,iSF_1195.SF0914,46
1744,gene_1745,iSF_1195.SF0927,459
1748,gene_1749,iSF_1195.SF1097,205
1749,gene_1750,iSF_1195.SF1098,64
1750,gene_1751,iSF_1195.SF1099,354
1751,gene_1752,iSF_1195.SF1128,238
1754,gene_1755,iSF_1195.SF1247,325
1755,gene_1756,iSF_1195.SF1248,325
1756,gene_1757,iSF_1195.SF1313,56
1757,gene_1758,iSF_1195.SF1363,286
1758,gene_1759,iSF_1195.SF1364,315
1759,gene_1760,iSF_1195.SF1365,348
1760,gene_1761,iSF_1195.SF1444,437
1761,gene_1762,iSF_1195.SF1462,460
1762,gene_1763,iSF_1195.SF1512,543
1763,gene_1764,iSF_1195.SF1584,206
1764,gene_1765,iSF_1195.SF1585,233
1765,gene_1766,iSF_1195.SF1712,202
1766,gene_1767,iSF_1195.SF1860,150
1767,gene_1768,iSF_1195.SF2088,129
1769,gene_1770,iSF_1195.SF2104,397
1771,gene_1772,iSF_1195.SF2214,74
1773,gene_1774,iSF_1195.SF2234,424
1774,gene_1775,iSF_1195.SF2312,40
1776,gene_1777,iSF_1195.SF2382,251
1777,gene_1778,iSF_1195.SF2466,221
1778,gene_1779,iSF_1195.SF2470,81
1781,gene_1782,iSF_1195.SF2512,252
1782,gene_1783,iSF_1195.SF2565,241
1783,gene_1784,iSF_1195.SF2653,119
1784,gene_1785,iSF_1195.SF2720,439
1785,gene_1786,iSF_1195.SF2733,424
1786,gene_1787,iSF_1195.SF2794,478
1787,gene_1788,iSF_1195.SF2795,436
1791,gene_1792,iSF_1195.SF2829,194
1792,gene_1793,iSF_1195.SF2933,456
1793,gene_1794,iSF_1195.SF2945,130
1794,gene_1795,iSF_1195.SF3050,56
1795,gene_1796,iSF_1195.SF3051,63
1797,gene_1798,iSF_1195.SF3161,297
1798,gene_1799,iSF_1195.SF3162,365
1799,gene_1800,iSF_1195.SF3217,202
1802,gene_1803,iSF_1195.SF3261,153
1803,gene_1804,iSF_1195.SF3319,192
1804,gene_1805,iSF_1195.SF3321,154
1806,gene_1807,iSF_1195.SF3403,120
1811,gene_1812,iSF_1195.SF3474,168
1812,gene_1813,iSF_1195.SF3475,225
1815,gene_1816,iSF_1195.SF3579,157
1816,gene_1817,iSF_1195.SF3611,388
1817,gene_1818,iSF_1195.SF3681,164
1818,gene_1819,iSF_1195.SF3690,355
1820,gene_1821,iSF_1195.SF3835,162
1821,gene_1822,iSF_1195.SF3848,597
1822,gene_1823,iSF_1195.SF3854,107
1825,gene_1826,iSF_1195.SF3980,436
1826,gene_1827,iSF_1195.SF3997,220
1827,gene_1828,iSF_1195.SF4049,131
1831,gene_1832,iSF_1195.SF4170,259
1833,gene_1834,iSF_1195.SF4180,288
1834,gene_1835,iSF_1195.SF4252,425
1836,gene_1837,iSF_1195.SF4261,221
1837,gene_1838,iSF_1195.SF4320,135
1841,gene_1842,iSF_1195.SF4353,239
1842,gene_1843,iSF_1195.SF4420,45
1844,gene_1845,iSSON_1240.SSON_0002,688
1845,gene_1846,iSSON_1240.SSON_0004,249
1849,gene_1850,iSSON_1240.SSON_0072,106
1850,gene_1851,iSSON_1240.SSON_0073,106
1851,gene_1852,iSSON_1240.SSON_0074,207
1854,gene_1855,iSSON_1240.SSON_0186,202
1855,gene_1856,iSSON_1240.SSON_0187,73
1856,gene_1857,iSSON_1240.SSON_0213,289
1858,gene_1859,iSSON_1240.SSON_0345,80
1859,gene_1860,iSSON_1240.SSON_0356,244
1860,gene_1861,iSSON_1240.SSON_0362,207
1861,gene_1862,iSSON_1240.SSON_0456,150
1862,gene_1863,iSSON_1240.SSON_0492,339
1864,gene_1865,iSSON_1240.SSON_0604,253
1865,gene_1866,iSSON_1240.SSON_0611,71
1867,gene_1868,iSSON_1240.SSON_0632,296
1868,gene_1869,iSSON_1240.SSON_0688,39
1869,gene_1870,iSSON_1240.SSON_0707,334
1872,gene_1873,iSSON_1240.SSON_0813,238
1873,gene_1874,iSSON_1240.SSON_0814,229
1874,gene_1875,iSSON_1240.SSON_0840,237
1875,gene_1876,iSSON_1240.SSON_0887,176
1876,gene_1877,iSSON_1240.SSON_0916,257
1878,gene_1879,iSSON_1240.SSON_0933,472
1880,gene_1881,iSSON_1240.SSON_1113,130
1881,gene_1882,iSSON_1240.SSON_1114,64
1882,gene_1883,iSSON_1240.SSON_1115,353
1883,gene_1884,iSSON_1240.SSON_1144,239
1884,gene_1885,iSSON_1240.SSON_1298,150
1885,gene_1886,iSSON_1240.SSON_1381,280
1886,gene_1887,iSSON_1240.SSON_1384,436
1887,gene_1888,iSSON_1240.SSON_1395,496
1888,gene_1889,iSSON_1240.SSON_1439,540
1889,gene_1890,iSSON_1240.SSON_1474,203
1890,gene_1891,iSSON_1240.SSON_1519,285
1891,gene_1892,iSSON_1240.SSON_1750,348
1892,gene_1893,iSSON_1240.SSON_1751,318
1893,gene_1894,iSSON_1240.SSON_1752,286
1894,gene_1895,iSSON_1240.SSON_1832,56
1895,gene_1896,iSSON_1240.SSON_1933,318
1896,gene_1897,iSSON_1240.SSON_1934,325
1900,gene_1901,iSSON_1240.SSON_2097,132
1901,gene_1902,iSSON_1240.SSON_2099,508
1903,gene_1904,iSSON_1240.SSON_2102,279
1904,gene_1905,iSSON_1240.SSON_2186,73
1905,gene_1906,iSSON_1240.SSON_2205,424
1907,gene_1908,iSSON_1240.SSON_2290,40
1909,gene_1910,iSSON_1240.SSON_2364,236
1911,gene_1912,iSSON_1240.SSON_2500,223
1912,gene_1913,iSSON_1240.SSON_2504,81
1916,gene_1917,iSSON_1240.SSON_2601,169
1917,gene_1918,iSSON_1240.SSON_2720,119
1919,gene_1920,iSSON_1240.SSON_2841,439
1920,gene_1921,iSSON_1240.SSON_2854,427
1921,gene_1922,iSSON_1240.SSON_2936,473
1922,gene_1923,iSSON_1240.SSON_2937,436
1924,gene_1925,iSSON_1240.SSON_2944,604
1925,gene_1926,iSSON_1240.SSON_2957,154
1926,gene_1927,iSSON_1240.SSON_2975,201
1927,gene_1928,iSSON_1240.SSON_3096,456
1928,gene_1929,iSSON_1240.SSON_3108,144
1929,gene_1930,iSSON_1240.SSON_3148,56
1930,gene_1931,iSSON_1240.SSON_3149,63
1933,gene_1934,iSSON_1240.SSON_3279,294
1934,gene_1935,iSSON_1240.SSON_3280,373
1935,gene_1936,iSSON_1240.SSON_3325,184
1938,gene_1939,iSSON_1240.SSON_3366,153
1939,gene_1940,iSSON_1240.SSON_3428,175
1940,gene_1941,iSSON_1240.SSON_3430,154
1941,gene_1942,iSSON_1240.SSON_3516,53
1944,gene_1945,iSSON_1240.SSON_3625,478
1946,gene_1947,iSSON_1240.SSON_3694,173
1947,gene_1948,iSSON_1240.SSON_3695,226
1949,gene_1950,iSSON_1240.SSON_3755,360
1950,gene_1951,iSSON_1240.SSON_3764,163
1951,gene_1952,iSSON_1240.SSON_3782,57
1952,gene_1953,iSSON_1240.SSON_3846,163
1954,gene_1955,iSSON_1240.SSON_3922,162
1955,gene_1956,iSSON_1240.SSON_3945,641
1956,gene_1957,iSSON_1240.SSON_3952,107
1957,gene_1958,iSSON_1240.SSON_3960,367
1959,gene_1960,iSSON_1240.SSON_4072,233
1960,gene_1961,iSSON_1240.SSON_4073,439
1961,gene_1962,iSSON_1240.SSON_4088,225
1962,gene_1963,iSSON_1240.SSON_4095,600
1964,gene_1965,iSSON_1240.SSON_4140,131
1967,gene_1968,iSSON_1240.SSON_4203,289
1969,gene_1970,iSSON_1240.SSON_4213,248
1971,gene_1972,iSSON_1240.SSON_4346,134
1974,gene_1975,iSSON_1240.SSON_4380,235
1976,gene_1977,iSSON_1240.SSON_4411,220
1978,gene_1979,iSSON_1240.SSON_4418,112
1979,gene_1980,iSSON_1240.SSON_4419,430
1981,gene_1982,iSSON_1240.SSON_4538,45
1983,gene_1984,iSbBS512_1146.SbBS512_E0002,691
1984,gene_1985,iSbBS512_1146.SbBS512_E0004,265
1987,gene_1988,iSbBS512_1146.SbBS512_E0058,109
1988,gene_1989,iSbBS512_1146.SbBS512_E0060,213
1991,gene_1992,iSbBS512_1146.SbBS512_E0167,199
1992,gene_1993,iSbBS512_1146.SbBS512_E0168,73
1993,gene_1994,iSbBS512_1146.SbBS512_E0193,289
1996,gene_1997,iSbBS512_1146.SbBS512_E0298,246
1997,gene_1998,iSbBS512_1146.SbBS512_E0303,206
1998,gene_1999,iSbBS512_1146.SbBS512_E0401,150
1999,gene_2000,iSbBS512_1146.SbBS512_E0448,323
2000,gene_2001,iSbBS512_1146.SbBS512_E0573,296
2002,gene_2003,iSbBS512_1146.SbBS512_E0590,72
2003,gene_2004,iSbBS512_1146.SbBS512_E0599,254
2005,gene_2006,iSbBS512_1146.SbBS512_E0658,40
2006,gene_2007,iSbBS512_1146.SbBS512_E0676,334
2007,gene_2008,iSbBS512_1146.SbBS512_E0844,74
2009,gene_2010,iSbBS512_1146.SbBS512_E1192,392
2012,gene_2013,iSbBS512_1146.SbBS512_E1206,131
2013,gene_2014,iSbBS512_1146.SbBS512_E1304,239
2017,gene_2018,iSbBS512_1146.SbBS512_E1415,221
2018,gene_2019,iSbBS512_1146.SbBS512_E1416,323
2019,gene_2020,iSbBS512_1146.SbBS512_E1544,56
2020,gene_2021,iSbBS512_1146.SbBS512_E1610,286
2021,gene_2022,iSbBS512_1146.SbBS512_E1611,317
2022,gene_2023,iSbBS512_1146.SbBS512_E1612,338
2023,gene_2024,iSbBS512_1146.SbBS512_E1829,285
2024,gene_2025,iSbBS512_1146.SbBS512_E1961,541
2025,gene_2026,iSbBS512_1146.SbBS512_E2014,496
2026,gene_2027,iSbBS512_1146.SbBS512_E2026,437
2027,gene_2028,iSbBS512_1146.SbBS512_E2029,286
2028,gene_2029,iSbBS512_1146.SbBS512_E2125,147
2029,gene_2030,iSbBS512_1146.SbBS512_E2229,354
2030,gene_2031,iSbBS512_1146.SbBS512_E2230,64
2031,gene_2032,iSbBS512_1146.SbBS512_E2231,130
2032,gene_2033,iSbBS512_1146.SbBS512_E2388,472
2033,gene_2034,iSbBS512_1146.SbBS512_E2406,46
2034,gene_2035,iSbBS512_1146.SbBS512_E2410,257
2035,gene_2036,iSbBS512_1146.SbBS512_E2443,178
2036,gene_2037,iSbBS512_1146.SbBS512_E2476,241
2037,gene_2038,iSbBS512_1146.SbBS512_E2506,151
2038,gene_2039,iSbBS512_1146.SbBS512_E2516,229
2039,gene_2040,iSbBS512_1146.SbBS512_E2517,235
2040,gene_2041,iSbBS512_1146.SbBS512_E2522,74
2042,gene_2043,iSbBS512_1146.SbBS512_E2607,40
2043,gene_2044,iSbBS512_1146.SbBS512_E2684,236
2046,gene_2047,iSbBS512_1146.SbBS512_E2894,253
2047,gene_2048,iSbBS512_1146.SbBS512_E2975,120
2048,gene_2049,iSbBS512_1146.SbBS512_E3044,196
2052,gene_2053,iSbBS512_1146.SbBS512_E3094,478
2053,gene_2054,iSbBS512_1146.SbBS512_E3167,205
2054,gene_2055,iSbBS512_1146.SbBS512_E3180,433
2056,gene_2057,iSbBS512_1146.SbBS512_E3234,293
2057,gene_2058,iSbBS512_1146.SbBS512_E3367,513
2058,gene_2059,iSbBS512_1146.SbBS512_E3374,454
2059,gene_2060,iSbBS512_1146.SbBS512_E3386,142
2060,gene_2061,iSbBS512_1146.SbBS512_E3433,55
2061,gene_2062,iSbBS512_1146.SbBS512_E3434,61
2064,gene_2065,iSbBS512_1146.SbBS512_E3528,467
2067,gene_2068,iSbBS512_1146.SbBS512_E3581,234
2068,gene_2069,iSbBS512_1146.SbBS512_E3593,194
2069,gene_2070,iSbBS512_1146.SbBS512_E3672,181
2070,gene_2071,iSbBS512_1146.SbBS512_E3674,154
2071,gene_2072,iSbBS512_1146.SbBS512_E3762,54
2074,gene_2075,iSbBS512_1146.SbBS512_E3865,226
2075,gene_2076,iSbBS512_1146.SbBS512_E3866,171
2080,gene_2081,iSbBS512_1146.SbBS512_E3955,402
2081,gene_2082,iSbBS512_1146.SbBS512_E4050,57
2082,gene_2083,iSbBS512_1146.SbBS512_E4067,161
2083,gene_2084,iSbBS512_1146.SbBS512_E4101,355
2085,gene_2086,iSbBS512_1146.SbBS512_E4140,107
2086,gene_2087,iSbBS512_1146.SbBS512_E4146,605
2087,gene_2088,iSbBS512_1146.SbBS512_E4167,204
2088,gene_2089,iSbBS512_1146.SbBS512_E4248,475
2089,gene_2090,iSbBS512_1146.SbBS512_E4399,220
2090,gene_2091,iSbBS512_1146.SbBS512_E4408,600
2091,gene_2092,iSbBS512_1146.SbBS512_E4453,132
2093,gene_2094,iSbBS512_1146.SbBS512_E4496,324
2094,gene_2095,iSbBS512_1146.SbBS512_E4530,289
2095,gene_2096,iSbBS512_1146.SbBS512_E4693,134
2100,gene_2101,iSbBS512_1146.SbBS512_E4728,235
2101,gene_2102,iSbBS512_1146.SbBS512_E4846,429
2102,gene_2103,iSbBS512_1146.SbBS512_E4847,112
2103,gene_2104,iSbBS512_1146.SbBS512_E4854,216
2104,gene_2105,iSbBS512_1146.SbBS512_E4935,45
2107,gene_2108,iSynCJ816.SGL_RS02095,188
2108,gene_2109,iSynCJ816.SGL_RS02635,54
2109,gene_2110,iSynCJ816.SGL_RS03010,451
2110,gene_2111,iSynCJ816.SGL_RS03245,58
2112,gene_2113,iSynCJ816.SGL_RS03900,137
2113,gene_2114,iSynCJ816.SGL_RS04190,310
2114,gene_2115,iSynCJ816.SGL_RS04625,131
2115,gene_2116,iSynCJ816.SGL_RS04690,349
2116,gene_2117,iSynCJ816.SGL_RS05125,43
2118,gene_2119,iSynCJ816.SGL_RS05665,372
2119,gene_2120,iSynCJ816.SGL_RS05700,345
2122,gene_2123,iSynCJ816.SGL_RS06450,150
2123,gene_2124,iSynCJ816.SGL_RS06895,747
2124,gene_2125,iSynCJ816.SGL_RS07100,760
2125,gene_2126,iSynCJ816.SGL_RS07160,355
2126,gene_2127,iSynCJ816.SGL_RS07245,182
2128,gene_2129,iSynCJ816.SGL_RS08035,249
2129,gene_2130,iSynCJ816.SGL_RS08775,472
2130,gene_2131,iSynCJ816.SGL_RS08810,283
2131,gene_2132,iSynCJ816.SGL_RS08815,317
2132,gene_2133,iSynCJ816.SGL_RS08820,357
2133,gene_2134,iSynCJ816.SGL_RS09235,135
2134,gene_2135,iSynCJ816.SGL_RS09375,340
2135,gene_2136,iSynCJ816.SGL_RS09600,194
2136,gene_2137,iSynCJ816.SGL_RS10250,254
2137,gene_2138,iSynCJ816.SGL_RS10355,223
2139,gene_2140,iSynCJ816.SGL_RS10805,471
2140,gene_2141,iSynCJ816.SGL_RS10925,519
2141,gene_2142,iSynCJ816.SGL_RS10930,582
2142,gene_2143,iSynCJ816.SGL_RS10950,322
2143,gene_2144,iSynCJ816.SGL_RS11140,495
2145,gene_2146,iSynCJ816.SGL_RS11925,622
2148,gene_2149,iSynCJ816.SGL_RS12585,108
2149,gene_2150,iSynCJ816.SGL_RS12945,79
2151,gene_2152,iSynCJ816.SGL_RS13380,251
2153,gene_2154,iSynCJ816.SGL_RS13580,43
2154,gene_2155,iSynCJ816.SGL_RS14425,100
2155,gene_2156,iSynCJ816.SGL_RS14865,171
2156,gene_2157,iSynCJ816.SGL_RS14930,170
2157,gene_2158,iSynCJ816.SGL_RS15265,361
2159,gene_2160,iSynCJ816.SGL_RS15555,137
2161,gene_2162,iSynCJ816.SGL_RS16015,157
2162,gene_2163,iSynCJ816.SGL_RS16100,549
2163,gene_2164,iSynCJ816.SGL_RS16185,67
2165,gene_2166,iSynCJ816.SGL_RS16580,102
2166,gene_2167,iSynCJ816.SGL_RS16775,494
2167,gene_2168,iSynCJ816.SGL_RS17160,234
2168,gene_2169,iSynCJ816.SGL_RS17200,562
2169,gene_2170,iSynCJ816.SGL_RS17635,271
2171,gene_2172,iSynCJ816.SGL_RS18090,385
2172,gene_2173,iYL1228.KPN_00002,684
2173,gene_2174,iYL1228.KPN_00004,259
2174,gene_2175,iYL1228.KPN_00020,79
2176,gene_2177,iYL1228.KPN_00030,393
2177,gene_2178,iYL1228.KPN_00031,498
2179,gene_2180,iYL1228.KPN_00060,224
2180,gene_2181,iYL1228.KPN_00067,216
2184,gene_2185,iYL1228.KPN_00187,196
2185,gene_2186,iYL1228.KPN_00188,83
2186,gene_2187,iYL1228.KPN_00213,289
2187,gene_2188,iYL1228.KPN_00256,288
2188,gene_2189,iYL1228.KPN_00313,79
2189,gene_2190,iYL1228.KPN_00323,251
2190,gene_2191,iYL1228.KPN_00329,211
2192,gene_2193,iYL1228.KPN_00451,142
2193,gene_2194,iYL1228.KPN_00482,335
2194,gene_2195,iYL1228.KPN_00507,88
2195,gene_2196,iYL1228.KPN_00626,223
2196,gene_2197,iYL1228.KPN_00664,153
2198,gene_2199,iYL1228.KPN_00699,300
2199,gene_2200,iYL1228.KPN_00768,327
2200,gene_2201,iYL1228.KPN_00838,234
2201,gene_2202,iYL1228.KPN_00864,242
2202,gene_2203,iYL1228.KPN_00865,213
2203,gene_2204,iYL1228.KPN_00871,155
2204,gene_2205,iYL1228.KPN_00886,149
2205,gene_2206,iYL1228.KPN_00941,259
2206,gene_2207,iYL1228.KPN_00945,47
2207,gene_2208,iYL1228.KPN_00961,449
2208,gene_2209,iYL1228.KPN_00970,152
2210,gene_2211,iYL1228.KPN_01092,64
2213,gene_2214,iYL1228.KPN_01127,511
2214,gene_2215,iYL1228.KPN_01132,258
2215,gene_2216,iYL1228.KPN_01195,310
2216,gene_2217,iYL1228.KPN_01197,436
2217,gene_2218,iYL1228.KPN_01210,496
2218,gene_2219,iYL1228.KPN_01517,517
2219,gene_2220,iYL1228.KPN_01975,282
2220,gene_2221,iYL1228.KPN_02180,539
2221,gene_2222,iYL1228.KPN_02193,331
2222,gene_2223,iYL1228.KPN_02194,323
2223,gene_2224,iYL1228.KPN_02196,307
2225,gene_2226,iYL1228.KPN_02365,156
2227,gene_2228,iYL1228.KPN_02482,128
2228,gene_2229,iYL1228.KPN_02490,361
2230,gene_2231,iYL1228.KPN_02493,523
2231,gene_2232,iYL1228.KPN_02496,361
2232,gene_2233,iYL1228.KPN_02586,226
2233,gene_2234,iYL1228.KPN_02587,273
2234,gene_2235,iYL1228.KPN_02641,39
2235,gene_2236,iYL1228.KPN_02681,41
2237,gene_2238,iYL1228.KPN_02758,220
2240,gene_2241,iYL1228.KPN_02849,183
2242,gene_2243,iYL1228.KPN_03045,204
2243,gene_2244,iYL1228.KPN_03123,476
2244,gene_2245,iYL1228.KPN_03124,439
2247,gene_2248,iYL1228.KPN_03226,197
2248,gene_2249,iYL1228.KPN_03357,514
2249,gene_2250,iYL1228.KPN_03375,459
2250,gene_2251,iYL1228.KPN_03388,147
2251,gene_2252,iYL1228.KPN_03389,160
2252,gene_2253,iYL1228.KPN_03425,55
2253,gene_2254,iYL1228.KPN_03426,60
2255,gene_2256,iYL1228.KPN_03520,469
2256,gene_2257,iYL1228.KPN_03536,280
2257,gene_2258,iYL1228.KPN_03537,370
2258,gene_2259,iYL1228.KPN_03543,201
2260,gene_2261,iYL1228.KPN_03599,234
2261,gene_2262,iYL1228.KPN_03673,267
2263,gene_2264,iYL1228.KPN_03690,154
2267,gene_2268,iYL1228.KPN_03818,172
2268,gene_2269,iYL1228.KPN_03819,226
2269,gene_2270,iYL1228.KPN_03896,229
2270,gene_2271,iYL1228.KPN_03898,231
2271,gene_2272,iYL1228.KPN_03899,133
2272,gene_2273,iYL1228.KPN_03931,404
2274,gene_2275,iYL1228.KPN_03983,166
2276,gene_2277,iYL1228.KPN_04005,229
2277,gene_2278,iYL1228.KPN_04011,610
2280,gene_2281,iYL1228.KPN_04154,347
2281,gene_2282,iYL1228.KPN_04155,209
2282,gene_2283,iYL1228.KPN_04156,229
2283,gene_2284,iYL1228.KPN_04157,163
2286,gene_2287,iYL1228.KPN_04256,131
2287,gene_2288,iYL1228.KPN_04273,601
2288,gene_2289,iYL1228.KPN_04282,106
2292,gene_2293,iYL1228.KPN_04387,322
2293,gene_2294,iYL1228.KPN_04413,287
2295,gene_2296,iYL1228.KPN_04424,253
2300,gene_2301,iYL1228.KPN_04591,234
2302,gene_2303,iYL1228.KPN_04624,224
2303,gene_2304,iYL1228.KPN_04645,109
2304,gene_2305,iYL1228.KPN_04646,425
2306,gene_2307,iYL1228.KPN_04737,65
2308,gene_2309,iYL1228.KPN_04843,44
2309,gene_2310,iYL1228.KPN_04847,88
2311,gene_2312,iYO844.BSU00510,154
2312,gene_2313,iYO844.BSU00790,88
2313,gene_2314,iYO844.BSU00910,148
2314,gene_2315,iYO844.BSU00920,337
2315,gene_2316,iYO844.BSU01370,203
2318,gene_2319,iYO844.BSU02750,142
2319,gene_2320,iYO844.BSU02860,97
2320,gene_2321,iYO844.BSU03050,298
2321,gene_2322,iYO844.BSU03590,248
2322,gene_2323,iYO844.BSU03820,76
2323,gene_2324,iYO844.BSU04570,197
2324,gene_2325,iYO844.BSU05340,99
2328,gene_2329,iYO844.BSU06530,322
2331,gene_2332,iYO844.BSU06990,278
2333,gene_2334,iYO844.BSU08830,157
2334,gene_2335,iYO844.BSU08850,159
2336,gene_2337,iYO844.BSU09290,664
2337,gene_2338,iYO844.BSU09310,409
2338,gene_2339,iYO844.BSU10020,306
2339,gene_2340,iYO844.BSU10520,55
2340,gene_2341,iYO844.BSU11340,390
2344,gene_2345,iYO844.BSU12940,232
2345,gene_2346,iYO844.BSU12950,330
2346,gene_2347,iYO844.BSU12960,152
2350,gene_2351,iYO844.BSU13900,68
2351,gene_2352,iYO844.BSU13910,323
2352,gene_2353,iYO844.BSU13960,288
2353,gene_2354,iYO844.BSU14400,99
2354,gene_2355,iYO844.BSU15020,139
2355,gene_2356,iYO844.BSU15180,245
2356,gene_2357,iYO844.BSU15200,152
2357,gene_2358,iYO844.BSU15230,176
2358,gene_2359,iYO844.BSU15480,402
2359,gene_2360,iYO844.BSU15500,204
2361,gene_2362,iYO844.BSU15520,1097
2362,gene_2363,iYO844.BSU15720,113
2365,gene_2366,iYO844.BSU15900,167
2366,gene_2367,iYO844.BSU15910,156
2367,gene_2368,iYO844.BSU16530,187
2368,gene_2369,iYO844.BSU16540,85
2371,gene_2372,iYO844.BSU17890,546
2373,gene_2374,iYO844.BSU19630,278
2374,gene_2375,iYO844.BSU19710,91
2377,gene_2378,iYO844.BSU21920,115
2378,gene_2379,iYO844.BSU22690,58
2380,gene_2381,iYO844.BSU22830,170
2381,gene_2382,iYO844.BSU23610,82
2384,gene_2385,iYO844.BSU23960,292
2386,gene_2387,iYO844.BSU24310,311
2388,gene_2389,iYO844.BSU25660,129
2389,gene_2390,iYO844.BSU27430,240
2390,gene_2391,iYO844.BSU27600,403
2391,gene_2392,iYO844.BSU28080,166
2392,gene_2393,iYO844.BSU28270,358
2394,gene_2395,iYO844.BSU28730,158
2395,gene_2396,iYO844.BSU28740,150
2396,gene_2397,iYO844.BSU28780,232
2397,gene_2398,iYO844.BSU29050,270
2399,gene_2400,iYO844.BSU29440,416
2400,gene_2401,iYO844.BSU29700,103
2401,gene_2402,iYO844.BSU29790,191
2402,gene_2403,iYO844.BSU30280,155
2403,gene_2404,iYO844.BSU30290,120
2405,gene_2406,iYO844.BSU30420,155
2407,gene_2408,iYO844.BSU30550,462
2408,gene_2409,iYO844.BSU30760,141
2409,gene_2410,iYO844.BSU30940,761
2412,gene_2413,iYO844.BSU31400,387
2413,gene_2414,iYO844.BSU32750,273
2414,gene_2415,iYO844.BSU33040,558
2415,gene_2416,iYO844.BSU33400,273
2416,gene_2417,iYO844.BSU33490,585
2417,gene_2418,iYO844.BSU33500,51
2418,gene_2419,iYO844.BSU33900,507
2419,gene_2420,iYO844.BSU33930,358
2420,gene_2421,iYO844.BSU34140,182
2424,gene_2425,iYO844.BSU34790,227
2425,gene_2426,iYO844.BSU34860,132
2426,gene_2427,iYO844.BSU34870,248
2427,gene_2428,iYO844.BSU34890,162
2430,gene_2431,iYO844.BSU35550,82
2431,gene_2432,iYO844.BSU35740,68
2434,gene_2435,iYO844.BSU35940,411
2435,gene_2436,iYO844.BSU35950,294
2436,gene_2437,iYO844.BSU35960,221
2438,gene_2439,iYO844.BSU36370,99
2439,gene_2440,iYO844.BSU36760,256
2440,gene_2441,iYO844.BSU36810,46
2441,gene_2442,iYO844.BSU36890,66
2442,gene_2443,iYO844.BSU36900,368
2443,gene_2444,iYO844.BSU37100,240
2444,gene_2445,iYO844.BSU37150,653
2446,gene_2447,iYO844.BSU38200,280
2447,gene_2448,iYO844.BSU39420,207
2448,gene_2449,iYO844.BSU39670,164
2451,gene_2452,iYO844.BSU40040,282
2452,gene_2453,iYO844.BSU40060,155
2453,gene_2454,iYO844.BSU40320,231
2454,gene_2455,iYO844.BSU40420,323
2455,gene_2456,iYO844.BSU40850,145
2456,gene_2457,iYS854.USA300HOU_RS00045,284
2457,gene_2458,iYS854.USA300HOU_RS00730,201
2458,gene_2459,iYS854.USA300HOU_RS01050,117
2459,gene_2460,iYS854.USA300HOU_RS01090,352
2462,gene_2463,iYS854.USA300HOU_RS01105,140
2463,gene_2464,iYS854.USA300HOU_RS01245,271
2466,gene_2467,iYS854.USA300HOU_RS01730,247
2467,gene_2468,iYS854.USA300HOU_RS01735,224
2470,gene_2471,iYS854.USA300HOU_RS02325,105
2471,gene_2472,iYS854.USA300HOU_RS02330,174
2472,gene_2473,iYS854.USA300HOU_RS02340,55
2473,gene_2474,iYS854.USA300HOU_RS02455,75
2474,gene_2475,iYS854.USA300HOU_RS02560,138
2476,gene_2477,iYS854.USA300HOU_RS03105,376
2478,gene_2479,iYS854.USA300HOU_RS03780,92
2479,gene_2480,iYS854.USA300HOU_RS03790,178
2481,gene_2482,iYS854.USA300HOU_RS04040,165
2482,gene_2483,iYS854.USA300HOU_RS04115,244
2483,gene_2484,iYS854.USA300HOU_RS04135,236
2484,gene_2485,iYS854.USA300HOU_RS04205,481
2485,gene_2486,iYS854.USA300HOU_RS04405,264
2486,gene_2487,iYS854.USA300HOU_RS04515,223
2487,gene_2488,iYS854.USA300HOU_RS04520,79
2488,gene_2489,iYS854.USA300HOU_RS04525,372
2489,gene_2490,iYS854.USA300HOU_RS04530,94
2490,gene_2491,iYS854.USA300HOU_RS04535,504
2491,gene_2492,iYS854.USA300HOU_RS04600,164
2492,gene_2493,iYS854.USA300HOU_RS04640,57
2493,gene_2494,iYS854.USA300HOU_RS04880,354
2494,gene_2495,iYS854.USA300HOU_RS04900,319
2495,gene_2496,iYS854.USA300HOU_RS04930,172
2497,gene_2498,iYS854.USA300HOU_RS05395,70
2498,gene_2499,iYS854.USA300HOU_RS05400,338
2499,gene_2500,iYS854.USA300HOU_RS05485,283
2501,gene_2502,iYS854.USA300HOU_RS05615,145
2503,gene_2504,iYS854.USA300HOU_RS06015,174
2504,gene_2505,iYS854.USA300HOU_RS06045,1088
2505,gene_2506,iYS854.USA300HOU_RS06140,218
2506,gene_2507,iYS854.USA300HOU_RS06185,159
2507,gene_2508,iYS854.USA300HOU_RS06195,70
2508,gene_2509,iYS854.USA300HOU_RS06350,202
2509,gene_2510,iYS854.USA300HOU_RS06355,84
2510,gene_2511,iYS854.USA300HOU_RS06405,133
2511,gene_2512,iYS854.USA300HOU_RS06545,577
2514,gene_2515,iYS854.USA300HOU_RS06830,509
2515,gene_2516,iYS854.USA300HOU_RS06875,49
2517,gene_2518,iYS854.USA300HOU_RS07245,223
2518,gene_2519,iYS854.USA300HOU_RS07520,65
2519,gene_2520,iYS854.USA300HOU_RS07595,207
2520,gene_2521,iYS854.USA300HOU_RS07985,165
2521,gene_2522,iYS854.USA300HOU_RS08075,500
2522,gene_2523,iYS854.USA300HOU_RS08170,109
2523,gene_2524,iYS854.USA300HOU_RS08305,154
2524,gene_2525,iYS854.USA300HOU_RS08350,439
2525,gene_2526,iYS854.USA300HOU_RS08675,521
2526,gene_2527,iYS854.USA300HOU_RS08695,374
2528,gene_2529,iYS854.USA300HOU_RS08720,354
2529,gene_2530,iYS854.USA300HOU_RS08725,313
2531,gene_2532,iYS854.USA300HOU_RS09175,284
2532,gene_2533,iYS854.USA300HOU_RS09195,608
2533,gene_2534,iYS854.USA300HOU_RS09335,932
2535,gene_2536,iYS854.USA300HOU_RS09495,421
2536,gene_2537,iYS854.USA300HOU_RS09890,519
2537,gene_2538,iYS854.USA300HOU_RS09925,288
2538,gene_2539,iYS854.USA300HOU_RS09930,147
2540,gene_2541,iYS854.USA300HOU_RS10340,233
2541,gene_2542,iYS854.USA300HOU_RS11240,188
2543,gene_2544,iYS854.USA300HOU_RS11405,70
2544,gene_2545,iYS854.USA300HOU_RS11410,366
2545,gene_2546,iYS854.USA300HOU_RS11480,602
2546,gene_2547,iYS854.USA300HOU_RS11530,326
2547,gene_2548,iYS854.USA300HOU_RS11540,207
2548,gene_2549,iYS854.USA300HOU_RS11550,117
2553,gene_2554,iYS854.USA300HOU_RS12070,211
2554,gene_2555,iYS854.USA300HOU_RS12240,82
2557,gene_2558,iYS854.USA300HOU_RS13575,165
2558,gene_2559,iYS854.USA300HOU_RS14195,112
